27	2	1994	34.1	24.2	100.0	58.0	0.78	21.1	0.0
28	2	1994	34.1	23.1	100.0	56.0	0.98	22	12.0
1	3	1994	33.0	22.1	100.0	56.0	1.12	25.31	19.0
2	3	1994	32.3	22.7	100.0	63.0	0.87	21.73	4.0
3	3	1994	31.9	23.6	100.0	64.5	0.83	16.93	33.0
4	3	1994	28.0	21.7	100.0	84.0	0.71	7.03	123.0
5	3	1994	31.2	21.4	100.0	67.0	0.86	21.81	7.0
6	3	1994	30.8	22.5	100.0	70.0	1	17.33	13.0
7	3	1994	28.6	21.7	100.0	79.5	0.8	9.8	15.0
8	3	1994	34.2	22.7	100.0	53.0	0.75	25.43	1.0
9	3	1994	34.1	23.0	100.0	55.5	0.9	25.27	0.0
10	3	1994	34.6	23.1	100.0	51.0	1.1	25.58	25.0
11	3	1994	27.4	22.3	100.0	81.0	0.69	9.22	1.0
12	3	1994	32.2	22.9	100.0	60.0	0.66	15.32	12.0
13	3	1994	32.6	22.1	100.0	55.5	0.93	23.02	0.0
14	3	1994	34.2	21.8	100.0	56.5	0.98	21.4	5.0
15	3	1994	31.5	21.6	100.0	68.0	0.63	14.59	0.0
16	3	1994	32.3	23.2	100.0	67.5	0.68	13.46	8.0
17	3	1994	30.5	22.5	100.0	73.5	0.91	15.24	2.0
18	3	1994	32.9	22.4	100.0	60.0	0.82	20.97	0.0
19	3	1994	30.8	22.9	100.0	70.0	0.65	11.98	1.0
20	3	1994	32.9	22.8	100.0	64.5	0.8	15.37	41.0
21	3	1994	31.7	21.3	100.0	67.5	0.95	22.39	0.0
22	3	1994	34.2	21.5	100.0	51.0	0.57	24.18	0.0
23	3	1994	32.6	22.2	100.0	64.0	0.96	16.93	21.0
24	3	1994	32.3	22.3	100.0	61.0	0.81	19.09	37.0
25	3	1994	32.7	21.1	100.0	57.0	0.51	20.34	12.0
26	3	1994	30.9	23.2	100.0	68.5	1.02	16.89	0.0
27	3	1994	34.6	22.8	100.0	48.5	0.75	23.38	2.0
28	3	1994	34.0	24.5	100.0	54.0	0.64	22.38	0.0
29	3	1994	34.0	23.2	100.0	55.5	0.9	20.37	1.0
30	3	1994	34.5	22.4	100.0	52.5	0.82	23.42	67.0
31	3	1994	32.4	21.5	100.0	64.5	0.88	21.4	54.0
1	4	1994	28.1	22.4	100.0	75.0	0.9	14.67	2.0
2	4	1994	34.7	23.1	100.0	55.0	0.79	23.04	1.0
3	4	1994	34.2	22.7	100.0	53.0	0.75	25.24	4.0
4	4	1994	34.1	22.5	100.0	59.0	1.02	21.37	5.0
5	4	1994	32.3	22.7	100.0	64.0	1.19	23.81	4.0
6	4	1994	33.1	22.7	100.0	61.5	1.09	24.14	31.0
7	4	1994	28.7	22.3	100.0	78.0	0.71	13.31	0.0
8	4	1994	33.4	22.4	100.0	62.0	0.72	19.7	15.0
9	4	1994	33.3	22.3	100.0	59.0	0.63	21.91	3.0
10	4	1994	26.4	23.0	100.0	97.0	0.58	5.03	3.0
11	4	1994	33.4	23.5	100.0	58.0	0.88	23.1	11.0
12	4	1994	32.9	22.1	100.0	63.0	0.83	19.59	45.0
13	4	1994	32.9	22.8	100.0	61.0	0.69	15.77	0.0
14	4	1994	34.8	22.4	100.0	52.0	0.91	22.99	60.0
15	4	1994	30.6	22.0	100.0	71.5	0.49	14.02	0.0
16	4	1994	31.1	22.7	100.0	71.0	0.61	17.89	1.0
17	4	1994	32.8	23.4	100.0	60.0	0.8	18.94	4.0
18	4	1994	33.6	23.1	100.0	54.0	0.96	24.29	1.0
19	4	1994	31.8	27.4	100.0	68.5	0.42	2.23	1.0
20	4	1994	33.4	24.3	100.0	58.5	1.22	19.62	0.0
21	4	1994	34.4	22.8	100.0	48.5	0.9	24.78	23.0
22	4	1994	33.6	23.3	100.0	48.0	1.2	22.04	0.0
23	4	1994	33.0	21.5	100.0	54.0	1.09	25.49	0.0
24	4	1994	34.4	22.1	100.0	51.5	0.88	21.66	0.0
25	4	1994	33.1	23.7	100.0	61.5	0.67	15.48	0.0
26	4	1994	34.3	23.0	100.0	54.0	0.61	18.11	5.0
27	4	1994	30.5	23.1	100.0	71.5	0.82	13.29	1.0
28	4	1994	33.2	23.1	100.0	64.0	0.97	20.57	0.0
29	4	1994	33.6	22.8	100.0	58.5	1.18	23.13	0.0
30	4	1994	34.9	22.3	100.0	53.5	1.01	21.12	0.0
1	5	1994	33.5	23.8	100.0	57.0	1.1	19.5	0.0
2	5	1994	35.2	24.1	100.0	49.0	1.15	21.49	0.0
3	5	1994	34.7	23.9	100.0	49.0	1.17	18.77	5.0
4	5	1994	33.6	23.5	100.0	58.0	1	17.34	0.0
5	5	1994	31.8	23.2	100.0	73.5	0.65	11.56	19.0
6	5	1994	33.2	23.8	100.0	63.0	1.15	18.36	0.0
7	5	1994	33.5	22.5	100.0	65.0	0.69	13.76	25.0
8	5	1994	32.5	22.8	100.0	65.5	0.93	17.48	6.0
9	5	1994	33.1	23.3	100.0	65.0	0.72	20.84	0.0
10	5	1994	33.4	23.5	100.0	63.0	0.79	15.42	28.0
11	5	1994	34.5	21.3	100.0	56.5	0.87	22.19	5.0
12	5	1994	33.3	22.6	100.0	59.5	0.96	19.73	0.0
13	5	1994	32.2	23.7	100.0	53.5	0.87	13.52	0.0
14	5	1994	33.4	22.9	100.0	58.0	0.9	19.13	9.0
15	5	1994	31.7	23.6	100.0	67.5	0.84	17.21	1.0
16	5	1994	32.4	23.5	100.0	69.0	1.26	16.53	4.0
17	5	1994	29.0	23.9	100.0	81.0	0.98	6.22	11.0
18	5	1994	30.8	23.2	100.0	75.0	1.1	12.04	0.0
19	5	1994	27.3	23.3	100.0	92.0	0.71	6.52	4.0
20	5	1994	33.4	22.9	100.0	60.0	0.76	22.06	0.0
21	5	1994	33.3	22.9	100.0	56.0	1.04	20.31	0.0
22	5	1994	32.2	22.7	100.0	68.0	0.91	17.49	8.0
23	5	1994	31.6	23.8	100.0	68.0	0.89	13.17	7.0
24	5	1994	33.4	22.4	100.0	60.0	1.11	18.08	0.0
25	5	1994	31.0	22.4	100.0	73.0	1.02	15.77	0.0
26	5	1994	32.2	22.7	100.0	70.0	1.03	15.53	0.0
27	5	1994	29.3	23.1	100.0	76.0	0.97	10.27	0.0
28	5	1994	30.2	23.1	100.0	74.0	1.03	14.52	0.0
29	5	1994	30.2	23.9	100.0	79.5	0.51	8.27	11.0
30	5	1994	29.0	22.5	100.0	77.0	0.8	11.72	4.0
31	5	1994	32.2	21.5	100.0	67.5	1.01	17.14	3.0
1	6	1994	33.2	22.3	100.0	59.0	0.81	17.61	1.0
2	6	1994	33.1	22.8	100.0	60.0	1.03	19.78	0.0
3	6	1994	33.1	23.6	100.0	56.0	1.25	19.6	0.0
4	6	1994	32.9	22.7	100.0	60.0	1.26	20.13	2.0
5	6	1994	31.2	23.5	100.0	74.0	0.65	9.89	4.0
6	6	1994	32.4	22.5	100.0	63.5	0.86	14.92	15.0
7	6	1994	31.7	22.3	100.0	67.5	0.64	15.42	25.0
8	6	1994	32.2	22.0	100.0	63.0	0.57	15.86	0.0
9	6	1994	29.2	22.4	100.0	79.0	0.56	7.23	8.0
10	6	1994	32.4	21.9	100.0	59.5	0.94	21.93	0.0
11	6	1994	33.3	22.4	100.0	53.5	0.56	18.93	1.0
12	6	1994	34.0	22.0	100.0	56.0	0.9	22.41	0.0
13	6	1994	33.6	21.9	100.0	56.0	0.78	20.69	0.0
14	6	1994	32.8	24.0	100.0	59.5	0.98	19.78	0.0
15	6	1994	32.3	22.1	100.0	59.0	0.83	15.67	0.0
16	6	1994	33.5	22.4	100.0	58.0	1.4	18.33	5.0
17	6	1994	25.7	22.8	100.0	94.5	0.51	3.78	9.0
18	6	1994	29.2	22.7	100.0	76.5	0.95	10.57	0.0
19	6	1994	32.2	23.8	100.0	51.0	1.49	19.67	0.0
20	6	1994	32.0	19.9	100.0	54.0	0.79	18.64	0.0
21	6	1994	33.3	19.4	100.0	50.5	0.75	20.66	1.0
22	6	1994	32.4	21.1	100.0	50.0	1.26	20.18	0.0
23	6	1994	33.1	21.5	100.0	50.5	1.27	21.98	0.0
24	6	1994	31.7	23.1	100.0	55.5	1.39	19.42	0.0
25	6	1994	32.4	21.7	100.0	61.5	1.19	17.7	0.0
26	6	1994	31.5	22.8	100.0	69.0	1.13	17.31	0.0
27	6	1994	33.5	23.1	100.0	56.5	0.67	15.42	25.0
28	6	1994	33.1	22.2	100.0	51.5	1.48	22.48	0.0
29	6	1994	32.8	22.2	100.0	55.5	1.68	21.63	0.0
30	6	1994	33.9	21.2	100.0	47.5	1.24	22.26	0.0
1	7	1994	32.4	22.9	100.0	58.5	1.39	19.01	0.0
2	7	1994	32.3	21.3	100.0	55.0	1.22	20.52	1.0
3	7	1994	32.6	21.2	100.0	52.0	1.46	19.72	0.0
4	7	1994	31.8	20.6	100.0	56.5	1.28	15.42	0.0
5	7	1994	30.5	19.2	100.0	55.5	1.39	16.51	0.0
6	7	1994	31.2	17.8	100.0	50.5	1.38	19.62	0.0
7	7	1994	30.7	18.8	100.0	51.5	1.25	17.8	0.0
8	7	1994	32.3	18.2	100.0	54.0	1.1	19.38	1.0
9	7	1994	32.8	20.8	100.0	56.0	1.2	19.03	0.0
10	7	1994	32.4	22.0	100.0	53.5	1.48	19.01	0.0
11	7	1994	33.6	21.3	100.0	48.5	1.46	18.51	0.0
12	7	1994	34.3	20.8	100.0	50.0	1.71	20.13	0.0
13	7	1994	33.8	21.7	100.0	47.0	2	21.37	0.0
14	7	1994	34.2	22.9	100.0	50.5	2.06	20.1	0.0
15	7	1994	33.0	22.4	100.0	61.5	1.81	15.87	0.0
16	7	1994	33.2	23.0	100.0	62.0	1.88	19.3	0.0
17	7	1994	33.2	22.9	100.0	55.0	1.46	18.82	0.0
18	7	1994	31.7	22.3	100.0	62.5	1.26	12.41	2.0
19	7	1994	31.6	21.7	100.0	62.5	0.96	13.06	1.0
20	7	1994	32.5	21.9	100.0	60.5	1.17	14.17	1.0
21	7	1994	32.8	22.0	100.0	59.0	1.17	14.48	0.0
22	7	1994	30.8	23.2	100.0	67.5	1.04	11.4	1.0
23	7	1994	30.0	21.6	100.0	71.0	1.4	12.03	0.0
24	7	1994	30.9	21.1	100.0	67.0	1.2	13.93	0.0
25	7	1994	32.8	20.8	100.0	53.5	1.18	19.51	1.0
26	7	1994	31.9	21.3	100.0	61.5	1.09	13.98	0.0
27	7	1994	32.8	21.4	100.0	54.0	1.44	19.81	0.0
28	7	1994	32.8	20.8	100.0	55.5	1.66	16.89	0.0
29	7	1994	30.8	21.6	100.0	66.5	1.15	10.69	0.0
30	7	1994	33.1	23.4	100.0	57.5	1.54	15.5	1.0
31	7	1994	32.8	22.7	100.0	57.0	1.71	19.67	0.0
1	8	1994	32.6	21.6	100.0	56.5	1.55	19.62	0.0
2	8	1994	32.8	21.9	100.0	58.0	1.02	14.26	11.0
3	8	1994	32.1	22.6	100.0	61.5	0.97	14.3	1.0
4	8	1994	32.2	21.9	100.0	59.5	1.26	17.2	0.0
5	8	1994	33.4	21.5	100.0	56.5	1.18	13.38	0.0
6	8	1994	32.6	22.7	100.0	57.5	1.78	14.31	1.0
7	8	1994	33.3	19.9	100.0	47.0	1.93	22.36	0.0
8	8	1994	31.6	20.1	100.0	63.0	1.28	13.6	1.0
9	8	1994	33.0	22.0	100.0	53.5	1.55	18.98	0.0
10	8	1994	33.6	22.1	100.0	52.5	1.76	19.32	0.0
11	8	1994	32.8	22.8	100.0	59.5	1.52	15.83	6.0
12	8	1994	35.0	21.9	100.0	48.5	1.59	18.53	0.0
13	8	1994	34.6	20.9	100.0	47.0	1.35	20.89	0.0
14	8	1994	34.3	20.8	100.0	44.5	1.05	18.22	1.0
15	8	1994	33.7	21.7	100.0	54.0	1.5	20.01	0.0
16	8	1994	33.5	21.1	100.0	56.0	1.61	20.4	0.0
17	8	1994	33.5	22.4	100.0	58.0	2.18	20.39	0.0
18	8	1994	33.4	21.1	100.0	50.5	1.3	19.54	0.0
19	8	1994	33.6	20.2	100.0	52.5	1.93	22.03	0.0
20	8	1994	32.0	22.1	100.0	58.5	1.94	16.36	0.0
21	8	1994	32.4	22.0	100.0	57.0	1.78	16.66	0.0
22	8	1994	32.8	21.8	100.0	57.0	1.68	16.02	15.0
23	8	1994	34.0	21.6	100.0	49.5	1.42	21.24	6.0
24	8	1994	32.2	22.5	100.0	62.5	1.62	17.26	2.0
25	8	1994	33.7	23.7	100.0	48.5	1.84	18.67	0.0
26	8	1994	33.0	23.9	100.0	59.0	1.89	18.08	0.0
27	8	1994	31.5	23.4	100.0	61.5	1.79	11.26	0.0
28	8	1994	33.4	23.4	100.0	26.5	2.06	20.08	0.0
29	8	1994	32.7	23.2	100.0	58.5	1.68	16.33	0.0
30	8	1994	31.9	23.0	100.0	63.0	1.85	11.99	1.0
31	8	1994	32.7	23.5	100.0	62.0	1.56	12.67	0.0
1	9	1994	30.9	22.9	100.0	67.5	1.16	10.46	1.0
2	9	1994	33.2	21.5	100.0	57.0	1.76	20.94	0.0
3	9	1994	32.4	22.4	100.0	63.0	1.2	11.36	12.0
4	9	1994	31.2	23.0	100.0	70.0	0.88	13.44	0.0
5	9	1994	33.3	20.8	100.0	56.0	0.96	18.43	1.0
6	9	1994	32.0	22.4	100.0	62.5	1.12	17.2	0.0
7	9	1994	33.3	20.1	100.0	57.0	1.6	20.64	0.0
8	9	1994	32.6	22.3	100.0	61.0	1.39	15.99	1.0
9	9	1994	34.5	19.9	100.0	44.0	1.23	24.27	0.0
10	9	1994	34.2	21.2	100.0	46.5	1.61	23.74	0.0
11	9	1994	34.8	21.3	100.0	48.5	1.7	23.28	0.0
12	9	1994	33.6	22.4	100.0	55.5	1.5	13.56	1.0
13	9	1994	31.8	23.2	100.0	60.5	1.46	15.03	0.0
14	9	1994	34.0	22.2	100.0	50.0	1.54	21.4	8.0
15	9	1994	32.5	21.1	100.0	59.0	1.78	22.16	0.0
16	9	1994	33.4	20.7	100.0	51.5	1.79	22.22	0.0
17	9	1994	32.1	22.0	100.0	67.5	0.93	12.18	5.0
18	9	1994	33.5	19.7	100.0	49.0	1.16	21.58	0.0
19	9	1994	33.8	21.1	100.0	47.5	1.52	21.32	0.0
20	9	1994	34.6	20.9	100.0	49.5	1.4	20.68	0.0
21	9	1994	35.0	21.1	100.0	46.5	1.45	20.66	0.0
22	9	1994	34.2	22.6	100.0	50.5	1.61	20.87	1.0
23	9	1994	34.2	22.2	100.0	50.0	1.97	22.59	0.0
24	9	1994	34.7	22.4	100.0	45.5	1.59	22.97	0.0
25	9	1994	34.4	20.6	100.0	50.0	1.53	19.22	0.0
26	9	1994	31.0	21.9	100.0	65.0	1.63	12.59	3.0
27	9	1994	33.3	22.4	100.0	54.0	1.54	19.01	0.0
28	9	1994	34.5	22.8	100.0	47.5	1.63	19.31	0.0
29	9	1994	34.1	23.0	100.0	54.5	1.57	18.88	4.0
30	9	1994	31.8	22.7	100.0	60.5	1.03	12.06	1.0
1	10	1994	31.5	23.4	100.0	65.5	1.17	13.97	0.0
2	10	1994	33.5	21.8	100.0	57.5	1.83	16.96	79.0
3	10	1994	31.5	22.1	100.0	64.5	1.91	18.4	0.0
4	10	1994	34.0	21.9	100.0	51.0	1.27	20.03	0.0
5	10	1994	34.4	22.9	100.0	51.5	1.3	22.26	0.0
6	10	1994	32.3	21.4	100.0	57.5	0.91	17.72	0.0
7	10	1994	31.5	22.5	100.0	64.0	0.74	12.81	8.0
8	10	1994	32.3	22.7	100.0	61.5	1.06	14.98	13.0
9	10	1994	34.2	20.8	100.0	49.5	0.88	20.62	5.0
10	10	1994	32.5	21.9	100.0	61.5	0.78	16.52	15.0
11	10	1994	33.8	22.3	100.0	54.0	0.91	18.49	14.0
12	10	1994	34.1	21.8	100.0	57.0	0.94	21.79	16.0
13	10	1994	33.1	22.1	100.0	60.5	1.27	22.2	25.0
14	10	1994	32.6	22.6	100.0	61.5	1.18	18.61	0.0
15	10	1994	32.9	23.0	100.0	63.5	1.02	17.22	33.0
16	10	1994	34.2	22.9	100.0	55.0	1.01	24.07	0.0
17	10	1994	34.5	23.6	100.0	52.5	1.1	20.81	6.0
18	10	1994	34.9	22.3	100.0	48.5	0.73	23.51	0.0
19	10	1994	31.1	23.9	100.0	66.0	0.68	13.29	0.0
20	10	1994	32.0	23.3	100.0	62.0	0.95	13.46	0.0
21	10	1994	33.1	23.4	100.0	55.0	1.3	16.83	3.0
22	10	1994	33.8	21.5	100.0	54.5	1	23.38	44.0
23	10	1994	33.1	22.4	100.0	61.5	0.69	19.28	14.0
24	10	1994	32.8	23.2	100.0	67.0	0.79	14.71	0.0
25	10	1994	31.0	23.1	100.0	67.5	0.69	17.96	0.0
26	10	1994	32.5	23.0	100.0	64.0	0.66	12.22	36.0
27	10	1994	33.8	23.5	100.0	62.0	0.67	19.07	2.0
28	10	1994	33.2	23.0	100.0	59.0	0.81	17.77	8.0
29	10	1994	32.5	23.3	100.0	65.5	0.64	15.53	3.0
30	10	1994	31.6	23.4	100.0	69.0	0.61	13.11	4.0
31	10	1994	30.9	22.1	100.0	69.5	0.84	17.17	0.0
1	11	1994	32.2	22.5	100.0	63.0	0.68	18.04	3.0
2	11	1994	32.3	23.9	100.0	69.5	0.78	13.78	0.0
3	11	1994	32.8	22.8	100.0	65.5	0.93	13.52	6.0
4	11	1994	33.6	22.8	100.0	59.5	0.82	23.5	0.0
5	11	1994	33.5	22.9	100.0	55.5	0.58	18.9	7.0
6	11	1994	33.5	22.8	100.0	59.0	0.93	20.38	1.0
7	11	1994	33.6	22.5	100.0	56.0	0.83	22.93	0.0
8	11	1994	32.2	22.1	100.0	61.5	0.88	20.04	9.0
9	11	1994	34.5	23.0	100.0	56.5	0.71	22.62	4.0
10	11	1994	33.9	22.5	100.0	60.0	0.74	19.51	27.0
11	11	1994	35.0	22.2	100.0	54.5	1.06	26.49	30.0
12	11	1994	33.3	22.3	100.0	59.5	0.65	18.58	0.0
13	11	1994	33.3	24.0	100.0	63.0	1.11	20.7	0.0
14	11	1994	34.0	22.4	100.0	52.5	1.27	21.77	1.0
15	11	1994	33.0	23.7	100.0	62.0	1.02	16.06	27.0
16	11	1994	30.0	23.3	100.0	73.0	0.87	13.72	1.0
17	11	1994	30.9	22.8	100.0	72.5	0.76	12.63	2.0
18	11	1994	31.9	23.4	100.0	68.0	0.78	16.93	16.0
19	11	1994	32.7	22.1	100.0	56.5	0.67	21.19	0.0
20	11	1994	32.5	22.0	100.0	64.5	0.65	15.26	37.0
21	11	1994	31.7	22.2	100.0	67.0	0.58	15.06	3.0
22	11	1994	32.3	22.0	100.0	64.0	0.78	13.5	105.0
23	11	1994	33.0	21.4	100.0	64.0	0.94	20.61	30.0
24	11	1994	31.9	22.3	100.0	65.0	0.86	19.54	15.0
25	11	1994	29.2	22.8	100.0	77.5	0.74	15.54	0.0
26	11	1994	31.2	23.4	100.0	72.0	0.61	12.02	15.0
27	11	1994	28.9	23.1	100.0	79.0	0.72	12.61	0.0
28	11	1994	31.4	23.6	100.0	68.5	0.82	17.44	0.0
29	11	1994	34.0	22.6	100.0	58.0	0.84	21.68	16.0
30	11	1994	32.0	22.3	100.0	66.5	0.89	17.77	2.0
1	12	1994	32.9	23.4	100.0	61.5	0.74	16.3	24.0
2	12	1994	30.4	23.0	100.0	71.5	0.96	18.84	0.0
3	12	1994	32.3	22.4	100.0	62.5	0.76	16.29	7.0
4	12	1994	33.6	21.6	100.0	58.5	0.87	22.71	15.0
5	12	1994	33.8	22.7	100.0	59.5	0.88	20.47	6.0
6	12	1994	31.8	22.0	100.0	67.5	0.66	12.78	3.0
7	12	1994	33.6	21.7	100.0	56.5	0.75	21.73	2.0
8	12	1994	31.8	22.7	100.0	65.5	0.9	15.8	6.0
9	12	1994	32.9	21.9	100.0	65.5	0.88	17.22	15.0
10	12	1994	33.2	22.8	100.0	63.0	0.79	18.33	3.0
11	12	1994	31.0	22.9	100.0	69.5	0.64	12.73	3.0
12	12	1994	31.7	22.9	100.0	67.0	0.82	19.33	0.0
13	12	1994	34.1	22.9	100.0	58.0	0.74	19.94	2.0
14	12	1994	31.8	22.6	100.0	69.0	0.65	15.89	5.0
15	12	1994	28.5	24.0	100.0	84.5	0.66	9.07	9.0
16	12	1994	31.8	23.0	100.0	69.0	0.71	15.2	8.0
17	12	1994	34.1	23.2	100.0	58.5	0.84	21.32	3.0
18	12	1994	32.1	22.5	100.0	68.5	0.65	12.82	5.0
19	12	1994	34.2	22.4	100.0	55.5	0.86	23.2	9.0
20	12	1994	32.7	21.7	100.0	65.5	0.65	22.1	8.0
21	12	1994	31.5	23.5	100.0	69.5	0.95	14.12	17.0
22	12	1994	31.6	22.6	100.0	69.5	0.64	12.98	23.0
23	12	1994	33.6	22.3	100.0	60.0	0.9	22.27	40.0
24	12	1994	33.0	22.9	100.0	58.5	0.57	20.96	5.0
25	12	1994	29.8	22.2	100.0	75.0	0.67	14.02	46.0
26	12	1994	30.4	21.9	100.0	74.5	0.65	17.09	1.0
27	12	1994	31.1	23.4	100.0	69.5	0.68	13.06	5.0
28	12	1994	32.6	22.4	100.0	60.0	0.73	19.46	23.0
29	12	1994	34.1	21.7	100.0	49.5	0.83	25.67	61.0
30	12	1994	31.3	22.3	100.0	70.0	0.98	15.18	17.0
31	12	1994	29.9	23.4	100.0	77.5	0.73	13.89	13.0
1	1	1995	28.0	22.8	100.0	89.0	0.59	5.7	50.0
2	1	1995	32.2	22.5	100.0	62.5	0.89	19.48	0.0
3	1	1995	32.8	23.7	100.0	63.0	1.05	21.4	0.0
4	1	1995	32.7	22.1	100.0	57.5	1.22	22.98	0.0
5	1	1995	32.4	23.1	100.0	56.0	1.67	22.78	0.0
6	1	1995	32.8	22.4	100.0	57.5	1.54	24.76	0.0
7	1	1995	33.6	22.0	100.0	59.0	1.38	24.03	0.0
8	1	1995	33.3	23.2	100.0	61.5	1.27	22.43	2.0
9	1	1995	33.2	23.5	100.0	61.5	1.16	15.71	2.0
10	1	1995	31.9	22.8	100.0	67.0	0.97	17.18	1.0
11	1	1995	28.0	23.0	100.0	88.0	0.78	8.12	18.0
12	1	1995	33.8	22.1	100.0	61.5	0.84	24.74	1.0
13	1	1995	33.2	23.0	100.0	61.5	0.74	18.31	0.0
14	1	1995	33.9	23.8	100.0	60.0	1.15	21.07	56.0
15	1	1995	32.4	22.2	100.0	66.5	1.13	21.11	15.0
16	1	1995	33.3	23.0	100.0	61.0	0.86	22.58	0.0
17	1	1995	33.7	23.2	100.0	59.5	0.94	21.01	0.0
18	1	1995	34.5	23.6	100.0	55.5	0.98	21.78	7.0
19	1	1995	30.0	23.2	100.0	79.5	0.91	9.79	2.0
20	1	1995	32.9	23.0	100.0	66.5	0.79	19.84	0.0
21	1	1995	34.5	23.3	100.0	57.5	0.8	19.34	51.0
22	1	1995	32.8	22.7	100.0	67.0	1.04	20.31	16.0
23	1	1995	31.1	23.4	100.0	72.5	0.83	13.23	13.0
24	1	1995	31.9	23.4	100.0	66.5	0.94	18.02	0.0
25	1	1995	31.9	23.1	100.0	66.0	1.01	20.94	13.0
26	1	1995	32.3	22.3	100.0	66.0	1.17	22.22	5.0
27	1	1995	30.6	23.3	100.0	73.5	1.11	17.14	1.0
28	1	1995	31.7	24.5	100.0	76.0	1.26	16.38	8.0
29	1	1995	28.5	23.0	100.0	79.0	1.46	10.76	5.0
30	1	1995	30.9	23.1	100.0	75.0	1.2	14.76	22.0
31	1	1995	30.2	22.2	100.0	75.5	0.89	10.88	9.0
1	2	1995	30.9	21.9	100.0	73.0	1.15	14.57	3.0
2	2	1995	33.0	22.8	100.0	64.5	1.23	19.87	1.0
3	2	1995	31.3	22.8	100.0	64.5	1.08	19.38	0.0
4	2	1995	31.3	21.8	100.0	68.5	1.2	15.72	0.0
5	2	1995	32.1	23.3	100.0	67.0	1.45	15.47	0.0
6	2	1995	32.2	22.9	100.0	62.5	1.45	20.72	0.0
7	2	1995	31.6	22.6	100.0	67.0	1.19	15.3	2.0
8	2	1995	31.4	22.7	100.0	64.5	1.01	18.47	0.0
9	2	1995	32.4	23.0	100.0	61.5	1.18	21.01	12.0
10	2	1995	31.6	21.7	100.0	65.0	1.24	19.52	12.0
11	2	1995	31.2	22.4	100.0	69.5	1.48	16.11	4.0
12	2	1995	31.1	23.1	100.0	68.0	0.91	16.91	1.0
13	2	1995	30.6	23.1	100.0	69.5	1.2	15.09	2.0
14	2	1995	31.8	23.2	100.0	66.0	1.18	18.06	0.0
15	2	1995	33.0	22.6	100.0	65.0	1.09	17.91	0.0
16	2	1995	34.0	22.5	100.0	55.5	1.05	23.82	0.0
17	2	1995	31.4	24.0	100.0	65.5	1.33	14.96	0.0
18	2	1995	31.9	22.9	100.0	65.0	1.35	17.86	0.0
19	2	1995	31.4	23.1	100.0	66.5	1.32	18.24	0.0
20	2	1995	32.8	22.9	100.0	61.0	1.49	17.72	0.0
21	2	1995	28.9	23.2	100.0	82.5	1.19	9.24	8.0
22	2	1995	32.4	22.8	100.0	60.5	1.12	18.8	3.0
23	2	1995	31.7	23.5	100.0	67.5	1.04	17.69	0.0
24	2	1995	33.8	23.2	100.0	60.0	1.22	21.04	2.0
25	2	1995	32.8	24.3	100.0	64.0	0.81	15.47	8.0
26	2	1995	29.9	23.1	100.0	80.5	0.73	9.54	4.0
27	2	1995	34.0	22.1	100.0	60.0	0.74	21.68	42.0
28	2	1995	32.1	22.3	100.0	68.5	0.86	17.1	15.0
1	3	1995	34.0	22.6	100.0	59.5	0.86	24.4	6.0
2	3	1995	32.1	22.3	100.0	68.0	0.71	17.61	31.0
3	3	1995	33.8	22.5	100.0	58.0	0.67	21.86	3.0
4	3	1995	32.8	22.8	100.0	65.0	0.88	21.93	9.0
5	3	1995	32.8	22.9	100.0	69.5	0.86	15.56	1.0
6	3	1995	33.9	22.8	100.0	61.5	0.81	20.76	29.0
7	3	1995	33.8	22.9	100.0	59.0	0.61	20.17	41.0
8	3	1995	28.7	22.8	100.0	85.0	0.5	7.47	37.0
9	3	1995	32.6	22.2	100.0	65.5	0.87	19.04	16.0
10	3	1995	30.4	22.7	100.0	72.5	0.68	13.59	0.0
11	3	1995	31.7	24.0	100.0	67.0	1.01	19.13	4.0
12	3	1995	31.8	23.6	100.0	70.0	0.97	17.51	14.0
13	3	1995	33.2	24.0	100.0	63.0	1	21.6	39.0
14	3	1995	32.3	22.3	100.0	64.5	0.65	17.86	0.0
15	3	1995	33.9	23.3	100.0	58.5	0.69	25.04	0.0
16	3	1995	34.4	22.6	100.0	53.0	0.63	26.34	0.0
17	3	1995	33.2	23.2	100.0	62.5	0.68	16.28	2.0
18	3	1995	31.2	23.6	100.0	74.0	0.47	12.16	1.0
19	3	1995	33.6	23.2	100.0	53.5	0.88	21.81	0.0
20	3	1995	32.3	23.0	100.0	67.0	1.08	17.49	5.0
21	3	1995	32.7	23.5	100.0	67.0	0.75	19.19	0.0
22	3	1995	34.3	22.5	100.0	57.5	0.94	24.3	3.0
23	3	1995	33.2	23.0	100.0	59.5	1.09	26.54	1.0
24	3	1995	33.9	22.8	100.0	59.5	0.72	25.7	0.0
25	3	1995	35.0	23.9	100.0	55.0	0.73	24.73	0.0
26	3	1995	34.1	23.6	100.0	60.0	0.84	19.82	0.0
27	3	1995	32.9	23.0	100.0	63.5	0.39	15.22	0.0
28	3	1995	33.4	23.3	100.0	64.0	0.66	15.81	9.0
29	3	1995	33.7	22.9	100.0	59.0	0.64	18.99	3.0
30	3	1995	34.2	22.5	100.0	61.0	0.75	20.39	11.0
31	3	1995	34.3	22.8	100.0	58.0	0.79	21.58	7.0
1	4	1995	34.0	23.2	100.0	56.5	1.03	23.67	37.0
2	4	1995	31.5	22.1	100.0	67.0	0.91	20.11	0.0
3	4	1995	31.8	23.4	100.0	71.5	0.74	13.01	1.0
4	4	1995	31.4	22.9	100.0	70.0	0.64	14.8	10.0
5	4	1995	29.9	22.6	100.0	78.0	0.65	10.36	0.0
6	4	1995	32.8	23.5	100.0	67.0	0.8	13.83	23.0
7	4	1995	30.5	23.0	100.0	72.0	0.59	11.46	6.0
8	4	1995	31.5	23.1	100.0	67.5	1.13	18.3	19.0
9	4	1995	30.8	23.3	100.0	75.5	0.98	14.36	0.0
10	4	1995	33.5	22.9	100.0	55.5	0.94	23.43	0.0
11	4	1995	31.6	23.0	100.0	72.5	0.56	12.69	20.0
12	4	1995	32.5	21.8	100.0	67.5	0.82	22.52	2.0
13	4	1995	33.9	22.7	100.0	60.0	0.6	23.69	13.0
14	4	1995	33.4	24.0	100.0	65.0	0.78	18.8	5.0
15	4	1995	34.9	23.0	100.0	55.0	0.71	22.42	13.0
16	4	1995	33.5	22.6	100.0	63.0	0.78	23.66	0.0
17	4	1995	32.2	22.7	100.0	70.5	0.57	15.04	13.0
18	4	1995	31.7	23.1	100.0	72.0	0.57	11.18	1.0
19	4	1995	33.0	21.8	100.0	62.0	0.88	24.61	0.0
20	4	1995	32.8	22.9	100.0	66.5	0.78	18.4	11.0
21	4	1995	33.7	23.3	100.0	62.5	0.67	21.47	0.0
22	4	1995	33.9	23.4	100.0	61.0	0.84	23.41	0.0
23	4	1995	31.9	23.5	100.0	70.0	0.67	15.07	0.0
24	4	1995	33.9	22.8	100.0	62.5	0.54	18.39	9.0
25	4	1995	31.9	23.9	100.0	73.5	0.83	15.11	0.0
26	4	1995	32.2	23.2	100.0	67.0	0.94	21.46	0.0
27	4	1995	33.1	23.3	100.0	64.5	0.68	18.09	0.0
28	4	1995	31.7	23.1	100.0	74.5	0.56	10.47	13.0
29	4	1995	32.6	23.6	100.0	70.5	1.06	20.26	0.0
30	4	1995	32.9	24.4	100.0	66.5	1.24	19.82	0.0
1	5	1995	32.0	23.0	100.0	74.5	0.73	14.43	22.0
2	5	1995	31.1	24.0	100.0	82.0	0.65	9.91	21.0
3	5	1995	32.8	23.8	100.0	69.5	0.9	19.38	0.0
4	5	1995	33.2	23.9	100.0	69.0	1.17	18.51	7.0
5	5	1995	27.7	23.9	100.0	100.0	0.75	4.8	0.0
6	5	1995	31.6	23.1	100.0	74.5	0.53	14.43	0.0
7	5	1995	33.0	23.4	100.0	66.0	0.58	17.77	1.0
8	5	1995	30.9	23.4	100.0	81.5	0.49	10.5	2.0
9	5	1995	30.7	24.1	100.0	78.5	0.8	11.86	0.0
10	5	1995	30.2	22.1	100.0	82.0	0.83	9.08	3.0
11	5	1995	27.9	22.2	100.0	90.0	0.97	9.04	0.0
12	5	1995	32.9	22.9	100.0	63.5	0.94	21.33	0.0
13	5	1995	30.6	21.3	100.0	71.5	0.79	16.42	0.0
14	5	1995	34.3	23.5	100.0	60.0	0.76	20.22	0.0
15	5	1995	33.9	23.5	100.0	65.5	1.04	19.77	0.0
16	5	1995	34.6	23.5	100.0	63.0	0.91	20.54	1.0
17	5	1995	33.3	22.7	100.0	67.0	0.84	15.91	0.0
18	5	1995	33.5	23.8	100.0	62.0	1.48	20.49	0.0
19	5	1995	34.1	22.5	100.0	61.5	0.87	16.02	0.0
20	5	1995	32.9	22.3	100.0	64.5	1	18.86	0.0
21	5	1995	33.3	21.0	100.0	61.0	0.84	19.82	0.0
22	5	1995	34.5	20.8	100.0	49.0	0.65	20.46	0.0
23	5	1995	34.7	21.8	100.0	49.0	0.87	22.06	1.0
24	5	1995	33.4	22.2	100.0	63.5	0.96	16.51	0.0
25	5	1995	32.5	22.4	100.0	68.5	1.04	13.22	1.0
26	5	1995	32.4	22.5	100.0	68.5	0.83	14.36	0.0
27	5	1995	33.1	23.0	100.0	60.5	1.09	18.98	0.0
28	5	1995	32.7	21.7	100.0	63.5	0.98	17.38	0.0
29	5	1995	32.3	21.7	100.0	58.5	1.4	18.17	1.0
30	5	1995	32.8	21.6	100.0	57.5	1.27	20.53	0.0
31	5	1995	32.9	21.8	100.0	63.0	0.89	17.91	0.0
1	6	1995	32.9	21.2	100.0	61.0	1.08	19.02	0.0
2	6	1995	33.4	21.3	100.0	64.0	0.89	18.63	0.0
3	6	1995	32.0	22.3	100.0	70.0	0.75	13.31	1.0
4	6	1995	32.7	23.1	100.0	66.5	0.97	16.89	0.0
5	6	1995	32.2	22.8	100.0	67.0	0.97	15.71	1.0
6	6	1995	30.9	22.9	100.0	78.0	1.06	10.56	10.0
7	6	1995	32.2	22.3	100.0	67.0	1.3	18.68	0.0
8	6	1995	32.7	21.6	100.0	65.0	1.12	15.96	4.0
9	6	1995	30.5	23.6	100.0	77.5	0.9	12.62	1.0
10	6	1995	32.5	21.8	100.0	69.0	1.24	17.29	3.0
11	6	1995	32.3	23.0	100.0	61.5	1.35	17.79	14.0
12	6	1995	29.0	21.2	100.0	76.0	1.08	12.04	2.0
13	6	1995	33.7	22.4	100.0	60.5	0.54	15.17	3.0
14	6	1995	31.9	22.9	100.0	69.0	0.61	13.2	0.0
15	6	1995	32.7	22.5	100.0	66.0	0.52	12.51	0.0
16	6	1995	32.5	22.3	100.0	66.5	0.54	14.53	0.0
17	6	1995	31.5	23.1	100.0	73.5	0.67	13.77	30.0
18	6	1995	33.4	22.7	100.0	61.5	0.98	16.53	5.0
19	6	1995	28.2	22.8	100.0	88.0	0.59	5.46	0.0
20	6	1995	30.6	22.9	100.0	79.5	0.9	9.82	4.0
21	6	1995	32.1	22.1	100.0	66.0	1.15	17.04	0.0
22	6	1995	32.1	22.6	100.0	66.5	0.98	17.39	1.0
23	6	1995	31.4	22.6	100.0	69.5	0.82	13.47	0.0
24	6	1995	29.0	22.2	100.0	89.5	0.76	8.67	1.0
25	6	1995	32.1	22.6	100.0	66.0	1.01	16.06	0.0
26	6	1995	32.0	21.7	100.0	69.0	0.96	15.43	1.0
27	6	1995	33.2	22.1	100.0	64.0	1.17	17.17	2.0
28	6	1995	32.6	22.7	100.0	67.5	1.26	17.76	0.0
29	6	1995	34.2	22.5	100.0	49.0	1.53	19.26	0.0
30	6	1995	32.5	20.2	100.0	48.0	1.79	20.98	0.0
1	7	1995	32.6	20.1	100.0	57.0	1.4	19.27	0.0
2	7	1995	32.5	22.4	100.0	61.5	1.31	15.77	0.0
3	7	1995	31.7	22.1	100.0	70.5	1.49	15.82	0.0
4	7	1995	32.1	22.9	100.0	68.5	1.03	15.01	0.0
5	7	1995	32.3	21.5	100.0	65.0	1.28	16.73	0.0
6	7	1995	31.4	22.2	100.0	70.5	1.28	14.87	0.0
7	7	1995	31.2	22.3	100.0	78.0	1.05	10.88	31.0
8	7	1995	32.2	22.7	100.0	67.0	1.22	12.36	1.0
9	7	1995	31.9	22.4	100.0	71.0	1.33	15.39	0.0
10	7	1995	30.0	22.4	100.0	85.5	1.27	5.54	134.0
11	7	1995	32.6	21.7	100.0	67.5	1.4	16.04	1.0
12	7	1995	29.9	22.5	100.0	81.0	1.47	14.39	0.0
13	7	1995	31.7	23.4	100.0	69.0	1.54	17.38	0.0
14	7	1995	31.0	21.6	100.0	76.5	0.86	12.47	49.0
15	7	1995	30.7	21.4	100.0	77.0	1.09	13.24	2.0
16	7	1995	31.4	23.2	100.0	72.0	1.34	14.74	0.0
17	7	1995	31.1	22.6	100.0	80.0	1.3	10.39	21.0
18	7	1995	32.2	22.4	100.0	67.5	1	17.42	0.0
19	7	1995	31.9	22.1	100.0	73.0	0.94	14.33	1.0
20	7	1995	32.4	22.2	100.0	71.5	1.33	18.4	0.0
21	7	1995	33.1	21.7	100.0	61.5	1.44	18.9	0.0
22	7	1995	32.8	22.9	100.0	56.5	1.86	20.84	1.0
23	7	1995	29.7	22.2	100.0	76.0	1.24	12.13	5.0
24	7	1995	31.2	21.7	100.0	70.5	1.16	15.5	2.0
25	7	1995	31.7	23.0	100.0	69.5	1.13	15.63	5.0
26	7	1995	32.2	22.7	100.0	68.0	1.38	18.98	0.0
27	7	1995	31.7	21.4	100.0	70.0	1.31	16.96	0.0
28	7	1995	30.4	22.0	100.0	80.5	1.17	10.43	3.0
29	7	1995	31.1	21.9	100.0	67.0	1.42	16.39	0.0
30	7	1995	31.6	22.5	100.0	66.5	1.19	17.13	0.0
31	7	1995	32.4	21.7	100.0	64.5	0.88	16.73	0.0
1	8	1995	31.7	22.0	100.0	70.5	1.5	17.06	0.0
2	8	1995	32.1	20.6	100.0	63.5	1.27	18.53	0.0
3	8	1995	32.7	20.6	100.0	66.0	1.12	17.39	0.0
4	8	1995	31.7	21.8	100.0	68.0	1.28	15.4	0.0
5	8	1995	32.9	21.8	100.0	59.5	1.78	18.18	0.0
6	8	1995	32.2	20.3	100.0	62.5	1.48	17.78	1.0
7	8	1995	31.2	21.2	100.0	64.0	1.52	18.97	0.0
8	8	1995	31.7	20.5	100.0	61.5	1.5	18.82	0.0
9	8	1995	32.7	23.1	100.0	63.5	1.23	17.01	0.0
10	8	1995	33.4	21.8	100.0	59.0	1.13	18.9	0.0
11	8	1995	34.4	21.4	100.0	57.0	0.93	15.28	0.0
12	8	1995	33.9	20.8	100.0	55.5	1.67	21.06	0.0
13	8	1995	32.7	21.6	100.0	63.5	1.6	18.54	0.0
14	8	1995	33.7	21.7	100.0	51.0	1.68	18.17	0.0
15	8	1995	32.5	20.7	100.0	47.5	2.42	20.69	0.0
16	8	1995	31.9	18.4	100.0	51.0	1.76	20.61	0.0
17	8	1995	32.2	17.4	100.0	49.5	1.06	20.82	0.0
18	8	1995	32.6	18.8	100.0	48.5	1.4	20.61	0.0
19	8	1995	32.6	19.2	100.0	60.0	1.32	15.99	0.0
20	8	1995	33.7	20.6	100.0	47.0	1.6	20.58	0.0
21	8	1995	32.5	21.5	100.0	58.0	1.85	17.43	0.0
22	8	1995	31.6	21.5	100.0	63.5	1.52	14.24	0.0
23	8	1995	32.2	21.2	100.0	61.0	1.49	17.23	0.0
24	8	1995	32.8	21.7	100.0	62.0	1.55	16.4	0.0
25	8	1995	32.4	22.0	100.0	66.5	1.17	13.46	11.0
26	8	1995	32.7	22.2	100.0	67.0	1.34	15.77	0.0
27	8	1995	33.3	23.1	100.0	53.5	1.76	18.87	0.0
28	8	1995	32.8	21.6	100.0	56.5	1.77	19.32	0.0
29	8	1995	33.0	21.0	100.0	54.5	1.52	17.82	0.0
30	8	1995	32.0	21.3	100.0	61.5	1.56	15.5	0.0
31	8	1995	32.7	21.8	100.0	57.0	1.72	16.56	0.0
1	9	1995	31.7	22.1	100.0	62.0	1.63	13.98	0.0
2	9	1995	31.9	22.4	100.0	66.0	1.85	15.32	0.0
3	9	1995	32.4	20.8	100.0	61.0	1.71	16.37	0.0
4	9	1995	32.9	20.9	100.0	61.0	1.61	15.29	0.0
5	9	1995	33.1	21.9	100.0	58.5	1.88	17.56	0.0
6	9	1995	33.7	23.4	100.0	58.0	1.81	16.22	0.0
7	9	1995	33.2	22.3	100.0	62.5	2.2	18.58	0.0
8	9	1995	32.8	22.4	100.0	57.5	1.98	18.32	0.0
9	9	1995	34.2	22.6	100.0	46.5	2.2	20.66	0.0
10	9	1995	34.9	20.4	100.0	43.0	1.92	22.02	0.0
11	9	1995	35.8	22.4	100.0	42.0	2.31	17.3	0.0
12	9	1995	33.1	21.9	100.0	57.5	1.88	15.03	0.0
13	9	1995	32.6	22.3	100.0	55.5	1.64	14.4	0.0
14	9	1995	32.7	22.8	100.0	56.5	1.61	16.87	0.0
15	9	1995	33.8	22.0	100.0	52.0	1.35	16.86	0.0
16	9	1995	34.0	21.9	100.0	55.5	1.72	16.33	0.0
17	9	1995	33.8	22.4	100.0	47.0	1.72	19.67	0.0
18	9	1995	34.9	19.8	100.0	36.0	1.62	22.02	0.0
19	9	1995	34.0	20.0	100.0	51.5	1.47	20.06	1.0
20	9	1995	33.9	20.6	100.0	53.0	1.97	21.27	0.0
21	9	1995	34.4	21.2	100.0	52.5	2.09	20.43	0.0
22	9	1995	33.8	22.2	100.0	48.0	2.31	22.17	0.0
23	9	1995	33.8	21.8	100.0	49.5	2.18	21.39	0.0
24	9	1995	33.1	20.6	100.0	55.0	1.74	15.37	0.0
25	9	1995	33.1	21.9	100.0	57.0	1.67	15.29	0.0
26	9	1995	33.6	22.4	100.0	56.5	1.7	14.14	0.0
27	9	1995	31.5	21.5	100.0	65.5	1.53	11.07	0.0
28	9	1995	34.2	23.0	100.0	48.5	1.56	17.56	0.0
29	9	1995	34.0	21.1	100.0	49.5	1.02	17.49	0.0
30	9	1995	34.5	21.2	100.0	43.5	1.01	15.53	0.0
1	10	1995	34.9	20.2	100.0	41.5	1.37	18.87	0.0
2	10	1995	34.8	19.7	100.0	41.0	1.44	22.57	0.0
3	10	1995	34.3	20.2	100.0	48.0	1.78	17.91	0.0
4	10	1995	34.0	21.1	100.0	53.5	1.61	15.17	1.0
5	10	1995	34.5	21.7	100.0	50.0	1.7	17.2	0.0
6	10	1995	35.0	22.5	100.0	46.0	2.06	19.48	0.0
7	10	1995	35.3	21.5	100.0	46.5	1.42	17.21	0.0
8	10	1995	35.0	19.7	100.0	39.5	1.46	17.92	0.0
9	10	1995	34.8	21.1	100.0	53.5	1.64	17.3	0.0
10	10	1995	34.8	23.0	100.0	49.0	1.76	18.81	0.0
11	10	1995	35.5	22.9	100.0	42.5	2.13	21.41	0.0
12	10	1995	36.1	20.3	100.0	36.0	1.6	22.56	0.0
13	10	1995	36.9	19.5	100.0	31.5	1.72	22.47	0.0
14	10	1995	35.5	20.0	100.0	44.5	1.53	22.17	0.0
15	10	1995	35.7	20.2	100.0	34.0	1.53	22.16	0.0
16	10	1995	34.9	22.4	100.0	49.5	1.92	17.51	0.0
17	10	1995	34.5	23.4	100.0	56.0	1.57	17.24	4.0
18	10	1995	34.9	22.9	100.0	49.5	1.6	20.7	0.0
19	10	1995	35.6	21.5	100.0	40.0	1.15	21.83	0.0
20	10	1995	35.3	19.8	100.0	41.5	1.45	22.19	0.0
21	10	1995	35.3	21.5	100.0	44.0	1.67	21.86	0.0
22	10	1995	37.7	20.1	100.0	18.0	1.23	22.5	0.0
23	10	1995	36.8	18.3	100.0	24.5	1.17	23.39	0.0
24	10	1995	38.1	19.2	100.0	29.5	1.45	21.16	0.0
25	10	1995	37.3	18.5	100.0	36.5	1.34	18.17	0.0
26	10	1995	36.1	23.1	100.0	39.5	1.19	18.36	0.0
27	10	1995	35.9	23.0	100.0	47.5	1.7	19.8	0.0
28	10	1995	34.8	21.6	100.0	47.0	1.28	15.64	0.0
29	10	1995	35.7	21.4	100.0	38.0	1.28	17.24	0.0
30	10	1995	36.5	21.3	100.0	39.5	1.08	17.58	0.0
31	10	1995	35.6	21.0	100.0	37.0	1.2	17.39	0.0
1	11	1995	35.7	20.9	100.0	44.5	1.68	19.74	0.0
2	11	1995	35.2	21.8	100.0	51.5	1.82	19.41	0.0
3	11	1995	36.1	23.5	100.0	45.5	1.24	17.82	11.0
4	11	1995	35.8	22.7	100.0	47.0	1.1	19.52	0.0
5	11	1995	36.5	23.2	100.0	45.5	0.93	17.63	0.0
6	11	1995	35.0	22.3	100.0	50.5	1.16	18.43	2.0
7	11	1995	34.2	22.9	100.0	54.0	0.88	16.63	1.0
8	11	1995	36.0	21.7	100.0	46.5	1.31	20.99	0.0
9	11	1995	36.2	22.8	100.0	40.5	1.57	23.41	0.0
10	11	1995	34.2	23.0	100.0	54.0	1.12	14.08	0.0
11	11	1995	36.0	23.1	100.0	39.5	1.28	20.97	0.0
12	11	1995	34.1	23.4	100.0	52.0	1.3	18.71	0.0
13	11	1995	35.6	22.0	100.0	52.0	1.16	14.83	1.0
14	11	1995	34.2	22.9	100.0	55.5	0.93	16.43	0.0
15	11	1995	36.2	23.3	100.0	48.5	1.08	16.72	0.0
16	11	1995	36.6	22.9	100.0	36.5	1.46	23.51	0.0
17	11	1995	34.5	22.2	100.0	51.5	1.44	17.37	21.0
18	11	1995	33.4	22.6	100.0	61.0	1.45	18.24	1.0
19	11	1995	33.7	22.8	100.0	61.5	0.8	12.84	53.0
20	11	1995	34.2	22.7	100.0	54.5	0.76	19.79	0.0
21	11	1995	34.3	22.5	100.0	54.0	0.81	16.13	68.0
22	11	1995	33.2	23.1	100.0	58.0	1.06	20.84	28.0
23	11	1995	28.9	22.8	100.0	77.0	0.31	9.16	0.0
24	11	1995	33.2	21.9	100.0	56.5	0.28	12.89	1.0
25	11	1995	34.7	22.2	100.0	56.5	0.44	14.64	14.0
26	11	1995	33.2	22.4	100.0	64.5	0.75	16.92	2.0
27	11	1995	27.9	22.8	100.0	84.5	0.41	6.96	2.0
28	11	1995	34.7	22.0	100.0	53.5	1.06	21.92	6.0
29	11	1995	33.4	21.4	100.0	61.0	0.69	16.79	2.0
30	11	1995	30.9	22.7	100.0	68.5	0.71	14.04	49.0
1	12	1995	32.5	21.6	100.0	63.0	0.5	15.42	28.0
2	12	1995	33.2	22.8	100.0	60.0	0.61	18.78	0.0
3	12	1995	32.9	22.7	100.0	61.5	0.88	21.62	44.0
4	12	1995	30.6	22.6	100.0	75.0	0.57	15.72	19.0
5	12	1995	33.2	23.3	100.0	62.5	0.53	19.18	1.0
6	12	1995	33.2	23.0	100.0	64.0	0.64	20.4	1.0
7	12	1995	33.3	23.2	100.0	61.5	0.52	14.29	5.0
8	12	1995	32.1	22.5	100.0	68.5	0.5	15.88	1.0
9	12	1995	34.1	23.6	100.0	57.0	0.5	22.2	0.0
10	12	1995	35.6	24.2	100.0	55.5	0.51	18.58	5.0
11	12	1995	34.8	23.7	100.0	60.0	0.64	20.91	0.0
12	12	1995	34.4	23.4	100.0	57.0	0.53	21.61	0.0
13	12	1995	35.3	22.9	100.0	53.0	0.49	23.08	1.0
14	12	1995	34.0	24.3	100.0	62.0	0.59	19.08	1.0
15	12	1995	33.0	23.1	100.0	66.0	0.63	14.51	3.0
16	12	1995	34.5	23.3	100.0	57.0	0.65	22.39	7.0
17	12	1995	31.7	23.7	100.0	73.0	0.45	12.51	1.0
18	12	1995	33.0	22.1	100.0	61.5	1.08	24.32	5.0
19	12	1995	31.2	23.6	100.0	76.5	0.58	12.37	6.0
20	12	1995	33.0	22.4	100.0	65.5	0.67	21.72	0.0
21	12	1995	34.3	23.6	100.0	59.0	0.59	22.1	0.0
22	12	1995	33.9	23.1	100.0	59.5	0.74	21.72	0.0
23	12	1995	32.4	22.3	100.0	66.5	0.52	17.06	1.0
24	12	1995	34.2	23.5	100.0	60.0	0.87	20.34	23.0
25	12	1995	31.7	23.0	100.0	72.5	0.91	18.68	62.0
26	12	1995	31.0	22.6	100.0	71.5	0.79	12.7	14.0
27	12	1995	32.2	23.1	100.0	68.5	0.58	15.82	51.0
28	12	1995	28.1	22.9	100.0	82.5	0.95	8.02	5.0
29	12	1995	30.8	21.4	100.0	67.5	0.35	11.57	6.0
30	12	1995	32.7	22.8	100.0	64.5	0.6	15.42	8.0
31	12	1995	29.5	22.6	100.0	81.0	0.66	10.77	0.0
1	1	1996	32.8	22.8	100.0	67.0	0.6	13.98	19.0
2	1	1996	32.8	21.4	100.0	61.5	0.43	18.24	0.0
3	1	1996	33.8	23.3	100.0	61.5	0.78	21.32	0.0
4	1	1996	34.7	22.2	100.0	55.0	0.44	22.69	1.0
5	1	1996	33.1	24.6	100.0	65.0	1.02	22.17	1.0
6	1	1996	31.8	23.2	100.0	70.0	0.83	19.06	0.0
7	1	1996	34.3	22.1	100.0	58.0	0.49	22.98	9.0
8	1	1996	32.5	22.9	100.0	72.0	0.78	14.02	8.0
9	1	1996	31.8	23.7	100.0	68.0	0.8	17.4	0.0
10	1	1996	32.8	24.0	100.0	67.5	0.94	19.41	1.0
11	1	1996	35.2	22.9	100.0	49.0	1.04	26.11	0.0
12	1	1996	34.2	23.1	100.0	56.5	0.9	21.29	155.0
13	1	1996	34.1	20.6	100.0	57.0	0.58	24.27	26.0
14	1	1996	33.2	22.0	100.0	63.5	0.71	20.93	23.0
15	1	1996	31.7	22.8	100.0	71.0	0.86	15.41	20.0
16	1	1996	30.6	23.5	100.0	73.0	0.64	12.02	3.0
17	1	1996	31.8	23.1	100.0	68.5	0.84	18.67	5.0
18	1	1996	33.3	23.1	100.0	63.5	0.61	23.23	0.0
19	1	1996	34.2	23.2	100.0	61.0	0.82	21.94	15.0
20	1	1996	32.9	22.8	100.0	64.5	0.44	19.13	0.0
21	1	1996	33.8	24.0	100.0	62.5	0.91	22.87	41.0
22	1	1996	33.3	22.0	100.0	65.5	0.9	19.97	23.0
23	1	1996	33.3	22.6	100.0	65.0	0.98	23	17.0
24	1	1996	32.4	21.5	100.0	63.5	0.53	18.17	0.0
25	1	1996	32.8	23.2	100.0	67.5	0.61	15.19	30.0
26	1	1996	29.5	22.2	100.0	74.0	0.65	11.27	5.0
27	1	1996	33.1	22.0	100.0	66.0	0.67	19	6.0
28	1	1996	27.3	23.3	100.0	99.0	0.79	7.64	6.0
29	1	1996	33.1	22.7	100.0	66.5	0.81	21.29	5.0
30	1	1996	32.7	24.1	100.0	63.5	0.65	20.78	0.0
31	1	1996	33.0	24.1	100.0	65.0	0.94	22.6	9.0
1	2	1996	28.3	23.8	100.0	84.0	0.75	10.87	2.0
2	2	1996	30.1	23.3	100.0	77.5	0.73	12.99	0.0
3	2	1996	32.9	22.9	100.0	65.5	0.68	19.21	6.0
4	2	1996	30.6	23.4	100.0	75.0	0.87	17.43	38.0
5	2	1996	28.6	22.9	100.0	77.0	1.26	13.69	0.0
6	2	1996	30.8	23.3	100.0	69.5	1.18	15.87	0.0
7	2	1996	31.5	24.0	100.0	67.5	1.69	18.21	1.0
8	2	1996	32.2	23.3	100.0	67.5	1.27	20.11	6.0
9	2	1996	33.7	23.2	100.0	61.5	1.25	23.94	0.0
10	2	1996	34.5	23.3	100.0	62.0	1.11	24.06	41.0
11	2	1996	34.2	22.7	100.0	62.0	0.52	22.8	0.0
12	2	1996	34.5	23.7	100.0	54.5	0.82	21.1	0.0
13	2	1996	32.8	22.1	100.0	68.5	0.97	20.82	0.0
14	2	1996	32.0	22.9	100.0	70.5	0.69	15.43	9.0
15	2	1996	33.1	23.2	100.0	65.0	0.86	25.39	36.0
16	2	1996	31.4	23.3	100.0	72.5	0.71	15.63	15.0
17	2	1996	31.5	21.5	100.0	72.0	0.9	21.28	0.0
18	2	1996	30.9	24.2	100.0	76.0	0.75	13.53	24.0
19	2	1996	32.1	22.1	100.0	69.0	0.64	19.4	1.0
20	2	1996	31.5	23.4	100.0	75.5	0.95	14.03	26.0
21	2	1996	32.4	21.9	100.0	68.5	1	23.04	8.0
22	2	1996	30.8	21.7	100.0	75.0	1.03	15.73	3.0
23	2	1996	32.7	23.1	100.0	69.0	0.67	18.04	0.0
24	2	1996	31.5	23.2	100.0	70.5	0.71	14.4	3.0
25	2	1996	33.3	22.9	100.0	66.5	0.89	20.37	15.0
26	2	1996	32.7	22.9	100.0	72.0	0.98	21.08	1.0
27	2	1996	31.1	23.6	100.0	78.5	0.67	11.01	62.0
28	2	1996	33.1	22.6	100.0	68.5	0.74	18.29	2.0
29	2	1996	32.5	23.2	100.0	63.0	0.82	20.52	0.0
1	3	1996	32.5	24.0	100.0	65.0	1.22	21.24	0.0
2	3	1996	33.2	23.9	100.0	65.5	0.93	20.4	0.0
3	3	1996	32.6	23.3	100.0	63.5	0.89	22.64	0.0
4	3	1996	34.9	23.6	100.0	55.5	0.91	25.82	2.0
5	3	1996	33.9	24.3	100.0	55.5	0.58	20.67	0.0
6	3	1996	33.1	24.6	100.0	70.0	0.71	14.72	5.0
7	3	1996	33.3	24.0	100.0	61.0	0.46	20.24	25.0
8	3	1996	32.2	21.6	100.0	69.0	0.67	14.54	2.0
9	3	1996	33.0	24.1	100.0	67.5	0.69	20.44	0.0
10	3	1996	32.1	24.0	100.0	71.5	0.78	12.43	0.0
11	3	1996	32.1	22.1	100.0	69.0	0.56	14.58	23.0
12	3	1996	34.2	22.0	100.0	60.5	0.67	24.46	5.0
13	3	1996	34.1	21.9	100.0	64.0	0.76	17.86	81.0
14	3	1996	32.4	22.2	100.0	67.5	0.95	24.94	0.0
15	3	1996	32.6	23.8	100.0	66.5	0.75	20.19	0.0
16	3	1996	31.5	22.5	100.0	73.5	0.72	15.11	4.0
17	3	1996	33.1	21.9	100.0	66.0	0.67	18.27	0.0
18	3	1996	34.0	21.5	100.0	61.0	0.83	27.29	26.0
19	3	1996	27.8	22.8	100.0	84.0	0.66	9.12	7.0
20	3	1996	35.8	21.4	100.0	55.0	0.69	24.26	0.0
21	3	1996	34.1	23.0	100.0	55.5	0.65	21.34	42.0
22	3	1996	32.4	21.4	100.0	68.5	0.63	17.13	12.0
23	3	1996	34.1	21.9	100.0	61.5	0.44	22.56	1.0
24	3	1996	32.2	22.8	100.0	67.5	0.67	19.19	0.0
25	3	1996	31.5	22.4	100.0	76.0	0.43	14.32	1.0
26	3	1996	33.8	23.2	100.0	55.4	0.72	21.67	2.0
27	3	1996	33.4	23.7	100.0	60.2	0.68	17.33	6.0
28	3	1996	31.9	23.0	100.0	64.3	0.72	15.89	2.0
29	3	1996	32.6	22.6	100.0	61.6	0.66	16.22	16.0
30	3	1996	32.9	22.5	100.0	59.7	0.71	19.89	13.0
31	3	1996	31.7	23.1	100.0	64.4	0.76	17.89	14.0
1	4	1996	32.8	23.1	100.0	59.4	0.73	18.33	0.0
2	4	1996	32.0	22.9	100.0	61.8	0.67	16.44	4.0
3	4	1996	32.7	22.5	100.0	60.3	0.73	18.33	5.0
4	4	1996	32.3	22.8	100.0	60.0	0.78	17.33	9.0
5	4	1996	31.6	23.2	100.0	66.9	0.73	15.33	16.0
6	4	1996	31.6	22.8	100.0	64.9	0.7	16.56	6.0
7	4	1996	32.3	23.2	100.0	63.0	0.78	16.33	13.0
8	4	1996	33.2	22.9	100.0	56.0	0.76	18.33	17.0
9	4	1996	31.2	22.8	100.0	70.9	0.75	15.44	6.0
10	4	1996	33.1	22.6	100.0	56.3	0.79	20.44	10.0
11	4	1996	33.1	22.9	100.0	58.1	0.8	19.78	12.0
12	4	1996	33.5	22.7	100.0	57.3	0.72	20.33	15.0
13	4	1996	33.6	22.8	100.0	57.2	0.71	18.78	16.0
14	4	1996	32.6	22.6	100.0	63.0	0.62	16.89	12.0
15	4	1996	32.8	22.5	100.0	62.0	0.64	18.11	0.0
16	4	1996	32.7	23.2	100.0	59.4	0.73	18.22	3.0
17	4	1996	32.8	22.7	100.0	58.2	0.75	16.67	23.0
18	4	1996	33.0	23.4	100.0	59.5	0.78	20.11	3.0
19	4	1996	32.9	23.3	100.0	61.7	0.83	17.44	4.0
20	4	1996	32.6	23.4	100.0	62.4	0.71	17.56	5.0
21	4	1996	32.9	23.2	100.0	59.9	0.78	16.78	1.0
22	4	1996	32.6	22.8	100.0	61.8	0.7	16.11	16.0
23	4	1996	33.4	22.8	100.0	57.6	0.67	18.33	4.0
24	4	1996	32.6	23.5	100.0	62.7	0.68	16.56	4.0
25	4	1996	32.6	23.0	100.0	61.2	0.66	17	6.0
26	4	1996	32.5	23.1	100.0	63.0	0.74	18.33	1.0
27	4	1996	32.7	23.4	100.0	63.3	0.68	15.11	4.0
28	4	1996	32.8	23.3	100.0	60.0	0.77	19	1.0
29	4	1996	33.1	23.8	100.0	60.7	0.86	19.44	1.0
30	4	1996	32.3	23.4	100.0	63.1	0.72	16.44	9.0
1	5	1996	33.5	23.3	100.0	55.8	0.73	18	13.0
2	5	1996	33.6	23.3	100.0	57.5	0.8	20	1.0
3	5	1996	32.0	23.7	100.0	67.2	0.7	14	3.0
4	5	1996	32.1	23.5	100.0	62.2	0.72	14.78	4.0
5	5	1996	32.6	23.9	100.0	64.3	0.73	14.67	14.0
6	5	1996	31.3	23.4	100.0	74.2	0.65	12.56	19.0
7	5	1996	32.0	23.1	100.0	64.8	0.71	13	12.0
8	5	1996	32.8	22.3	100.0	68.5	0.68	19.01	16.0
9	5	1996	31.4	23.1	100.0	72.0	0.73	17.13	0.0
10	5	1996	32.9	23.8	100.0	72.0	0.57	13.64	29.0
11	5	1996	34.0	22.4	100.0	60.5	0.59	21.86	0.0
12	5	1996	29.8	23.0	100.0	81.5	0.58	12.28	1.0
13	5	1996	35.2	23.4	100.0	57.5	0.41	20.14	0.0
14	5	1996	30.8	23.3	100.0	78.5	0.49	12.76	0.0
15	5	1996	34.5	22.0	100.0	63.5	0.6	21.92	0.0
16	5	1996	34.4	23.2	100.0	63.5	1.63	23.01	0.0
17	5	1996	34.4	22.8	100.0	58.5	1.46	22.27	0.0
18	5	1996	35.1	23.0	100.0	58.0	0.71	21.42	1.0
19	5	1996	34.5	23.7	100.0	59.5	0.98	21.1	0.0
20	5	1996	35.5	23.1	100.0	61.0	0.91	19.57	0.0
21	5	1996	33.7	23.8	100.0	65.5	1.33	20.84	0.0
22	5	1996	32.6	22.3	100.0	70.0	1.27	17.56	0.0
23	5	1996	32.9	23.0	100.0	67.5	1.25	20.36	1.0
24	5	1996	33.5	23.0	100.0	59.0	1.31	21.76	0.0
25	5	1996	33.4	22.3	100.0	62.5	1.2	19.88	0.0
26	5	1996	31.7	22.5	100.0	72.5	1.12	16.97	9.0
27	5	1996	32.5	23.4	100.0	68.0	1.2	17.01	0.0
28	5	1996	32.2	21.9	100.0	68.0	0.89	16.73	1.0
29	5	1996	33.4	22.9	100.0	66.5	0.66	14.94	1.0
30	5	1996	32.8	23.0	100.0	66.5	0.94	17.74	0.0
31	5	1996	31.7	23.7	100.0	68.5	0.91	13.22	3.0
1	6	1996	29.7	22.5	100.0	79.5	0.74	11.33	0.0
2	6	1996	32.0	21.7	100.0	67.5	1.15	18.49	0.0
3	6	1996	33.9	22.4	95.0	52.5	1.05	23.1	0.0
4	6	1996	33.8	22.9	94.5	56.5	1.22	23.04	0.0
5	6	1996	34.1	22.3	95.0	50.0	1.1	18.73	0.0
6	6	1996	32.8	21.4	95.0	52.5	1.31	19.07	0.0
7	6	1996	33.1	20.2	95.0	52.0	1.24	22.91	0.0
8	6	1996	33.5	19.9	95.0	46.0	0.95	18.22	0.0
9	6	1996	34.6	21.7	94.0	48.0	1.13	20.88	0.0
10	6	1996	32.8	22.8	93.5	49.5	1.27	18.3	0.0
11	6	1996	34.6	22.1	94.0	44.5	1.24	21.51	0.0
12	6	1996	33.0	21.7	94.5	51.5	1.09	16.86	0.0
13	6	1996	33.8	21.4	95.5	52.0	1.09	13.5	2.0
14	6	1996	32.5	21.9	95.0	58.0	1.15	13.92	1.0
15	6	1996	34.0	22.5	92.5	48.0	1.23	19.24	0.0
16	6	1996	33.6	22.2	94.0	48.0	1.32	21.78	0.0
17	6	1996	33.8	21.5	95.0	52.0	1.17	22.76	0.0
18	6	1996	35.4	22.4	94.0	46.5	1.13	21.16	0.0
19	6	1996	30.8	22.6	94.5	67.5	0.78	11.44	6.0
20	6	1996	31.9	22.1	95.5	58.0	0.96	13.9	0.0
21	6	1996	32.7	22.0	95.5	51.5	0.9	15.52	2.0
22	6	1996	33.3	21.8	95.0	53.0	0.94	18.21	5.0
23	6	1996	33.6	22.6	95.0	58.5	1.32	21.73	4.0
24	6	1996	24.6	22.7	95.5	90.5	0.76	3.41	19.0
25	6	1996	29.8	21.9	96.5	70.5	0.82	11.19	2.0
26	6	1996	32.5	23.2	96.0	58.5	0.81	16.81	7.0
27	6	1996	31.4	22.7	96.0	64.0	1.15	12.57	49.0
28	6	1996	31.6	22.9	96.0	54.0	0.91	14.11	0.0
29	6	1996	32.3	21.6	95.5	57.0	0.86	16.09	0.0
30	6	1996	32.8	23.2	94.0	54.5	1.1	16.21	0.0
1	7	1996	29.7	22.3	95.5	68.0	1.15	7.47	56.0
2	7	1996	31.6	21.9	96.0	59.5	0.91	15.11	0.0
3	7	1996	28.8	23.8	94.5	75.0	0.79	8.5	2.0
4	7	1996	32.2	20.3	96.5	40.0	1.09	21.3	0.0
5	7	1996	32.3	20.2	96.0	54.5	1.02	19.98	0.0
6	7	1996	32.1	21.9	95.0	54.0	1.1	18.18	0.0
7	7	1996	28.6	22.9	95.5	72.5	0.74	7.4	36.0
8	7	1996	31.1	22.4	96.5	57.5	1.27	18.56	0.0
9	7	1996	30.5	21.5	95.5	61.5	1.16	15.13	11.0
10	7	1996	27.3	23.0	95.0	77.5	0.95	10.83	8.0
11	7	1996	30.3	22.3	95.5	64.5	0.93	10.98	2.0
12	7	1996	31.6	21.5	96.5	55.5	1.23	19.36	1.0
13	7	1996	32.4	23.5	92.5	54.5	1.41	20.97	0.0
14	7	1996	31.8	20.8	95.5	50.0	0.97	18.72	0.0
15	7	1996	32.4	21.5	96.0	52.5	1.01	17	0.0
16	7	1996	32.8	24.0	89.5	55.5	1.31	21.03	0.0
17	7	1996	32.3	24.1	91.0	55.5	1.35	17.12	0.0
18	7	1996	30.0	23.6	92.5	66.5	1.2	14.3	5.0
19	7	1996	31.0	21.2	95.5	55.5	1.15	17.48	1.0
20	7	1996	32.3	19.3	96.5	52.5	1.04	19.5	1.0
21	7	1996	31.8	20.8	96.0	54.5	1.2	20.9	0.0
22	7	1996	32.3	21.0	95.5	53.0	1.1	19.9	0.0
23	7	1996	31.7	22.0	95.0	58.5	1.11	17.8	4.0
24	7	1996	30.1	21.9	95.5	65.0	0.74	12.18	8.0
25	7	1996	31.3	22.7	95.0	62.0	0.94	17.26	0.0
26	7	1996	34.0	22.2	95.5	48.0	1.04	20.68	0.0
27	7	1996	32.8	22.4	96.0	53.5	1.39	19.87	0.0
28	7	1996	33.4	22.0	96.0	52.5	1	15.61	0.0
29	7	1996	34.0	21.5	96.0	47.5	1.16	22.79	0.0
30	7	1996	32.8	22.7	93.5	46.0	1.37	21.41	0.0
31	7	1996	32.7	21.1	96.0	54.0	1.12	16.89	0.0
1	8	1996	31.4	23.5	93.5	59.0	1.34	16.16	0.0
2	8	1996	33.2	21.2	96.5	48.0	1.24	19.08	0.0
3	8	1996	32.4	22.2	94.5	57.0	1.44	17.87	0.0
4	8	1996	33.5	19.8	96.0	47.5	1.28	22.04	0.0
5	8	1996	33.4	20.6	96.5	43.0	1.17	22.29	0.0
6	8	1996	33.5	22.4	94.5	45.5	1.38	20.11	0.0
7	8	1996	33.2	21.9	95.5	54.0	1.33	24.99	0.0
8	8	1996	33.8	22.0	96.0	53.5	1.27	17.19	0.0
9	8	1996	33.6	23.4	92.5	50.5	1.47	21.18	0.0
10	8	1996	33.4	21.6	95.0	45.5	1.28	23.5	0.0
11	8	1996	33.2	21.0	96.5	53.5	1.18	18.7	0.0
12	8	1996	31.9	24.1	93.5	56.0	1.05	11.78	5.0
13	8	1996	32.0	24.3	92.5	57.5	0.9	10.9	0.0
14	8	1996	33.2	22.6	95.0	51.0	1.24	19.19	1.0
15	8	1996	34.1	22.5	98.0	48.0	1.28	19.16	0.0
16	8	1996	34.0	21.6	95.5	49.0	1.31	22.49	0.0
17	8	1996	32.8	21.8	96.0	54.0	1.28	20.84	0.0
18	8	1996	34.6	23.6	94.5	45.0	1.19	21.81	1.0
19	8	1996	32.2	23.0	95.5	57.0	0.82	10.76	19.0
20	8	1996	32.4	22.0	96.5	57.5	0.95	19.38	1.0
21	8	1996	32.9	22.1	96.0	60.0	1.03	17.28	10.0
22	8	1996	29.5	23.1	96.0	71.0	0.93	7.71	31.0
23	8	1996	32.9	21.5	97.0	49.5	0.89	18.5	0.0
24	8	1996	32.2	21.4	96.5	51.0	1.13	19.63	0.0
25	8	1996	32.8	24.1	89.0	51.0	1.24	21.12	0.0
26	8	1996	32.6	23.7	94.5	53.5	1.15	16.66	4.0
27	8	1996	26.3	21.2	96.5	80.0	0.89	7.86	52.0
28	8	1996	33.1	22.1	96.5	53.0	1.11	25	0.0
29	8	1996	34.3	20.9	97.0	48.0	1.06	23.87	0.0
30	8	1996	32.7	20.6	97.0	54.0	1.32	21.87	0.0
31	8	1996	33.3	21.5	96.5	49.0	1.02	20.68	5.0
1	9	1996	32.7	23.1	95.0	53.5	1.25	21.88	0.0
2	9	1996	33.3	21.7	96.5	55.5	0.97	16.62	0.0
3	9	1996	32.0	22.6	95.5	59.0	1.03	17.91	0.0
4	9	1996	33.0	21.3	97.0	54.0	1.3	24.17	0.0
5	9	1996	33.6	22.1	95.0	49.0	1.05	19.28	0.0
6	9	1996	33.4	22.4	95.5	46.5	1.15	20.99	0.0
7	9	1996	32.9	21.3	95.0	46.0	1.06	20.96	0.0
8	9	1996	33.6	22.1	93.5	52.0	1.28	17.01	0.0
9	9	1996	33.9	24.1	93.0	52.5	1.1	18.41	0.0
10	9	1996	33.6	22.2	96.0	52.5	1.02	17.31	0.0
11	9	1996	35.5	21.7	97.0	44.5	1.05	20.14	0.0
12	9	1996	33.5	22.3	96.0	50.5	1.06	17.5	0.0
13	9	1996	33.4	22.0	96.0	49.5	1.24	16.78	0.0
14	9	1996	32.7	20.2	97.0	53.5	1.09	18.49	0.0
15	9	1996	33.9	22.5	96.5	49.5	0.97	20.29	3.0
16	9	1996	30.1	22.8	96.5	73.0	0.89	7.19	50.0
17	9	1996	33.3	21.9	97.0	46.5	0.88	20.52	1.0
18	9	1996	33.8	21.8	97.0	48.5	0.98	19.48	0.0
19	9	1996	34.9	23.6	95.5	45.5	1.03	19.83	0.0
20	9	1996	32.0	23.2	96.5	57.5	0.9	18.59	1.0
21	9	1996	33.0	22.9	97.0	54.5	0.87	16.86	57.0
22	9	1996	31.9	22.9	96.5	63.5	0.87	12.42	19.0
23	9	1996	32.5	21.9	97.0	58.5	1.11	20.96	0.0
24	9	1996	33.4	21.1	97.0	48.0	1.25	24.94	0.0
25	9	1996	32.5	21.6	97.0	57.5	0.86	10.02	0.0
26	9	1996	33.8	21.3	97.0	51.5	0.93	15.07	7.0
27	9	1996	33.5	22.4	96.5	54.5	1.01	20.74	0.0
28	9	1996	34.2	21.8	97.0	48.0	1.11	21.09	0.0
29	9	1996	34.4	21.9	97.0	45.0	1.16	21.1	0.0
30	9	1996	34.3	22.0	97.0	45.0	1.13	20.17	0.0
1	10	1996	34.2	22.2	97.0	46.0	1.05	19.59	0.0
2	10	1996	33.8	22.7	97.0	55.5	1.05	17.98	0.0
3	10	1996	31.6	24.3	94.5	62.5	0.97	12.79	0.0
4	10	1996	32.6	22.7	96.5	59.0	0.82	11.72	0.0
5	10	1996	33.6	21.5	97.0	53.5	0.95	15.06	9.0
6	10	1996	32.6	22.5	97.0	59.5	0.84	12.4	4.0
7	10	1996	29.4	24.2	96.5	77.5	0.78	7.81	13.0
8	10	1996	33.5	23.6	97.0	55.0	0.86	14.97	0.0
9	10	1996	34.6	22.8	96.5	52.0	0.88	17.06	35.0
10	10	1996	29.8	22.8	98.0	66.0	0.86	11.62	19.0
11	10	1996	34.3	22.9	96.5	46.5	0.93	19.81	0.0
12	10	1996	34.4	22.0	97.0	50.0	1.02	16.34	0.0
13	10	1996	34.1	22.6	97.0	51.0	0.86	18.78	26.0
14	10	1996	27.5	23.2	96.5	76.5	0.72	7	1.0
15	10	1996	34.4	22.1	97.5	54.5	0.89	21.42	0.0
16	10	1996	31.4	23.0	97.5	64.0	0.86	13.84	0.0
17	10	1996	33.9	22.9	97.0	53.5	0.79	12.11	4.0
18	10	1996	31.9	22.1	97.0	65.5	0.79	14.36	2.0
19	10	1996	33.8	21.8	97.5	53.0	1.13	22.24	1.0
20	10	1996	34.7	22.5	97.0	48.0	1.04	24.49	0.0
21	10	1996	34.8	22.6	97.0	48.5	1.04	25.86	0.0
22	10	1996	35.0	22.4	97.0	45.5	0.88	22.84	0.0
23	10	1996	35.4	23.0	96.5	44.5	0.87	18.78	0.0
24	10	1996	35.3	22.9	97.5	47.5	0.93	21.16	0.0
25	10	1996	33.6	23.2	97.0	54.5	0.94	13.73	4.0
26	10	1996	27.4	22.9	97.5	77.0	1.05	5.4	11.0
27	10	1996	33.5	22.5	98.0	53.0	0.81	21.49	0.0
28	10	1996	34.1	22.8	97.5	50.5	1.18	23.98	3.0
29	10	1996	28.0	21.8	98.0	78.0	0.65	7.48	1.0
30	10	1996	35.1	21.8	98.5	47.0	0.79	21.76	27.0
31	10	1996	33.5	23.1	98.0	58.0	0.81	15.92	2.0
1	11	1996	32.1	22.2	98.5	64.0	0.6	12.19	5.0
2	11	1996	32.4	22.2	98.0	57.0	0.68	15.24	0.0
3	11	1996	31.7	23.0	98.0	64.0	0.68	10.07	8.0
4	11	1996	34.0	21.7	98.0	46.0	0.84	23.46	0.0
5	11	1996	32.3	22.6	98.0	64.0	0.69	16.09	10.0
6	11	1996	31.1	22.2	97.0	65.0	0.86	8.86	5.0
7	11	1996	33.4	22.3	98.0	54.0	0.88	21.86	0.0
8	11	1996	34.7	23.0	98.0	55.0	1.02	24.69	0.0
9	11	1996	33.8	23.5	97.5	58.5	0.64	15.12	0.0
10	11	1996	32.9	23.6	97.5	63.5	0.67	13.89	0.0
11	11	1996	34.2	22.7	97.5	53.0	0.82	16.42	1.0
12	11	1996	33.5	23.1	98.0	57.5	0.87	13.1	29.0
13	11	1996	33.5	22.4	98.0	62.5	0.73	18.67	0.0
14	11	1996	33.7	23.3	97.5	56.0	0.86	12.79	40.0
15	11	1996	33.3	22.7	98.0	56.5	1.04	15.03	19.0
16	11	1996	33.0	22.8	98.5	61.5	0.87	19.89	0.0
17	11	1996	33.0	22.9	98.0	62.5	0.84	12.07	32.0
18	11	1996	34.1	23.0	98.0	56.0	0.74	20.74	0.0
19	11	1996	33.3	23.1	98.0	57.0	0.83	17.52	1.0
20	11	1996	30.4	22.4	98.5	72.5	0.61	8.77	0.0
21	11	1996	32.3	22.1	97.5	60.5	0.79	13.32	14.0
22	11	1996	31.7	23.5	98.0	65.0	0.83	14.29	20.0
23	11	1996	34.2	22.5	98.5	53.0	0.86	18.03	32.0
24	11	1996	32.4	23.3	98.5	62.0	0.82	16.03	0.0
25	11	1996	33.8	23.1	98.0	55.0	0.83	15.69	12.0
26	11	1996	34.5	22.3	99.0	48.0	1.13	23.89	0.0
27	11	1996	31.9	23.2	97.5	60.0	1.61	15.76	16.0
28	11	1996	32.3	22.9	98.0	59.0	0.76	15.42	2.0
29	11	1996	33.1	22.2	99.0	54.5	1.09	27.61	7.0
30	11	1996	32.7	23.9	98.0	63.5	1.11	20.42	0.0
1	12	1996	33.6	22.7	98.0	58.5	0.95	21.52	2.0
2	12	1996	35.3	22.6	98.5	48.5	0.8	19.99	0.0
3	12	1996	33.8	23.4	100.0	47.5	0.88	16.06	51.0
4	12	1996	29.9	23.5	97.5	72.0	0.65	8.43	1.0
5	12	1996	32.7	22.8	98.5	63.0	0.79	16.66	17.0
6	12	1996	34.1	22.8	99.0	54.0	0.79	16.51	35.0
7	12	1996	28.7	23.3	99.0	79.5	0.59	8.48	2.0
8	12	1996	29.7	23.1	99.0	71.5	0.75	12.18	3.0
9	12	1996	32.1	23.4	98.5	58.0	0.88	17.28	1.0
10	12	1996	30.6	23.7	98.0	69.0	0.82	10.79	1.0
11	12	1996	31.3	22.9	98.5	68.5	0.67	13.09	13.0
12	12	1996	34.2	23.1	99.0	56.5	0.91	17.03	17.0
13	12	1996	30.3	22.5	99.0	68.0	1.47	15.92	0.0
14	12	1996	27.7	24.0	93.0	77.0	2.03	6.11	4.0
15	12	1996	28.9	22.2	96.5	73.5	1.32	7.94	21.0
16	12	1996	28.1	22.5	96.5	73.0	1.28	9.1	0.0
17	12	1996	33.0	22.4	96.5	55.5	1.35	18.43	1.0
18	12	1996	28.8	23.4	96.5	68.0	1.02	11.59	0.0
19	12	1996	30.9	23.3	95.5	59.0	1.34	17.02	1.0
20	12	1996	32.1	22.8	98.5	59.0	0.9	14.77	3.0
21	12	1996	31.4	22.9	98.5	64.5	1.23	17.22	4.0
22	12	1996	30.7	23.6	97.0	67.0	1.18	12.17	18.0
23	12	1996	32.6	24.0	96.5	59.0	1.41	14.03	9.0
24	12	1996	31.4	23.9	97.0	65.0	1.47	16	2.0
25	12	1996	32.2	23.2	98.5	63.5	0.79	16.38	1.0
26	12	1996	32.7	23.8	98.5	63.0	0.67	15.14	10.0
27	12	1996	32.7	22.7	98.5	61.0	0.95	15.72	42.0
28	12	1996	30.9	22.6	99.0	67.0	0.94	15.17	18.0
29	12	1996	29.9	23.7	99.0	71.5	0.66	13.58	1.0
30	12	1996	33.2	23.0	99.0	59.0	0.78	18.06	27.0
31	12	1996	31.5	22.8	99.5	65.5	0.76	13.11	17.0
1	1	1997	32.4	22.5	99.0	61.5	0.43	18.69	2.0
2	1	1997	31.5	23.4	99.0	72.0	0.78	13.32	30.0
3	1	1997	33.7	22.4	99.0	53.5	0.44	20.29	15.0
4	1	1997	32.4	23.2	99.0	62.5	1.02	17.53	17.0
5	1	1997	33.2	22.7	99.0	57.5	0.83	14.2	12.0
6	1	1997	32.5	21.9	100.0	59.0	0.49	17.46	1.0
7	1	1997	33.9	22.9	100.0	52.0	0.78	15.34	11.0
8	1	1997	31.4	22.9	99.5	66.5	0.8	16.76	15.0
9	1	1997	31.3	22.2	100.0	67.5	0.94	13.97	1.0
10	1	1997	32.7	23.1	99.0	55.0	1.04	26.32	0.0
11	1	1997	33.0	21.1	99.5	59.0	0.9	21.16	36.0
12	1	1997	32.1	22.4	100.0	60.5	0.58	21.93	5.0
13	1	1997	32.2	22.6	100.0	64.0	0.71	14.69	25.0
14	1	1997	32.5	21.8	100.0	65.0	0.86	15.62	0.0
15	1	1997	32.7	22.8	99.5	63.5	0.64	21.54	0.0
16	1	1997	33.2	22.9	99.0	57.5	0.84	20.23	0.0
17	1	1997	33.2	22.3	99.0	62.0	0.61	23.4	0.0
18	1	1997	32.3	23.1	98.5	67.5	0.82	16.28	4.0
19	1	1997	30.8	23.4	99.0	69.0	0.44	10.67	14.0
20	1	1997	33.5	22.9	99.5	57.0	0.91	18.63	50.0
21	1	1997	33.4	22.6	99.5	54.5	0.9	18.6	3.0
22	1	1997	33.5	23.3	99.5	57.0	0.98	17.79	69.0
23	1	1997	34.1	21.8	100.0	54.0	0.53	26.42	0.0
24	1	1997	32.6	23.8	99.0	65.0	0.61	18.14	19.0
25	1	1997	33.2	23.0	99.5	59.0	0.65	19.92	1.0
26	1	1997	28.2	24.1	99.5	79.0	0.67	6.02	11.0
27	1	1997	34.1	22.6	100.0	52.5	0.79	19.47	4.0
28	1	1997	31.8	22.8	99.5	63.0	0.81	17.07	6.0
29	1	1997	33.2	22.6	99.5	61.5	0.65	17.28	84.0
30	1	1997	31.1	23.0	99.5	65.5	0.94	16.79	13.0
31	1	1997	31.9	23.6	99.0	64.5	0.75	15.06	16.0
1	2	1997	31.0	24.8	99.0	71.0	0.73	14.29	16.0
2	2	1997	33.6	22.5	100.0	58.0	0.68	18.17	28.0
3	2	1997	28.9	22.8	99.5	76.5	0.87	7.21	1.0
4	2	1997	32.6	23.0	99.0	58.0	1.26	18.7	1.0
5	2	1997	31.5	23.2	99.0	64.5	1.18	14.71	0.0
6	2	1997	33.2	22.8	99.0	54.0	1.69	16.39	1.0
7	2	1997	32.2	22.8	99.0	59.0	1.27	17.09	5.0
8	2	1997	31.2	22.3	98.0	63.0	1.25	16.83	0.0
9	2	1997	33.5	22.3	98.5	53.0	1.11	22.43	0.0
10	2	1997	33.3	23.0	99.0	53.5	0.52	19.7	0.0
11	2	1997	34.4	22.7	98.5	44.0	0.82	25.8	0.0
12	2	1997	35.2	22.8	99.0	47.0	0.97	22.3	1.0
13	2	1997	30.0	24.0	99.5	76.0	0.69	8.4	57.0
14	2	1997	32.7	23.0	100.0	61.5	0.86	16.1	1.0
15	2	1997	34.0	22.1	100.0	55.5	0.71	17.87	2.0
16	2	1997	29.3	23.1	100.0	75.0	0.9	8.76	0.0
17	2	1997	32.4	23.1	99.5	64.5	0.75	18.89	14.0
18	2	1997	28.9	23.2	99.5	78.5	0.64	7.93	0.0
19	2	1997	32.5	23.4	99.5	64.5	0.95	21.67	27.0
20	2	1997	33.2	22.4	100.0	62.5	1	14.2	29.0
21	2	1997	29.2	23.6	100.0	78.5	1.03	8.33	13.0
22	2	1997	34.3	22.0	100.0	50.5	0.67	27.48	0.0
23	2	1997	32.8	23.9	99.5	64.0	0.71	12.98	6.0
24	2	1997	34.1	22.7	100.0	58.0	0.89	17.52	6.0
25	2	1997	34.5	23.3	99.5	56.5	0.98	23.21	0.0
26	2	1997	30.9	23.0	100.0	68.0	0.67	12.41	1.0
27	2	1997	33.2	23.2	99.5	60.5	0.74	14.36	5.0
28	2	1997	34.2	22.9	100.0	54.0	0.82	25.73	10.0
1	3	1997	33.0	24.3	99.5	61.0	1.02	15.98	0.0
2	3	1997	33.2	22.7	100.0	58.5	1.22	19.04	4.0
3	3	1997	33.6	23.3	100.0	57.5	0.93	19.44	22.0
4	3	1997	34.5	22.8	100.0	53.5	0.89	19.57	25.0
5	3	1997	31.5	23.6	100.0	67.0	0.91	12.67	9.0
6	3	1997	33.3	23.1	100.0	57.5	0.58	20.82	2.0
7	3	1997	31.8	22.8	100.0	63.0	0.71	19.14	5.0
8	3	1997	31.8	23.3	100.0	65.0	0.46	13.77	0.0
9	3	1997	27.0	23.6	99.5	84.5	0.67	7.06	8.0
10	3	1997	32.7	22.9	100.0	61.0	0.69	15.4	21.0
11	3	1997	30.6	23.3	99.5	71.5	0.78	9.06	5.0
12	3	1997	32.3	23.5	100.0	66.5	0.56	14.22	13.0
13	3	1997	34.0	23.1	100.0	51.5	0.67	24.9	2.0
14	3	1997	30.8	23.4	100.0	67.0	0.76	11.69	18.0
15	3	1997	30.1	22.9	100.0	69.5	0.95	11.79	1.0
16	3	1997	31.3	22.7	100.0	67.0	0.75	13.18	1.0
17	3	1997	33.8	22.5	100.0	53.5	0.72	23.62	4.0
18	3	1997	33.4	23.4	98.0	54.5	0.67	21.52	3.0
19	3	1997	30.4	22.6	100.0	68.0	0.83	11.87	0.0
20	3	1997	32.8	23.7	100.0	60.0	0.66	20.43	0.0
21	3	1997	34.7	21.7	100.0	45.0	0.69	28.17	0.0
22	3	1997	34.2	23.2	98.0	54.0	0.65	23.83	0.0
23	3	1997	34.6	23.9	99.0	51.0	0.63	25.81	0.0
24	3	1997	34.1	23.9	96.5	53.5	0.44	25.2	0.0
25	3	1997	33.1	24.6	97.5	60.0	0.67	15.21	0.0
26	3	1997	35.8	23.7	99.0	47.5	0.43	18.62	13.0
27	3	1997	35.2	23.5	100.0	47.5	0.72	24.44	1.0
28	3	1997	34.6	23.8	100.0	61.0	0.68	14.74	6.0
29	3	1997	33.8	22.4	100.0	55.5	0.72	24.49	5.0
30	3	1997	29.5	23.2	100.0	78.0	0.66	5.51	7.0
31	3	1997	33.3	21.4	100.0	55.0	0.71	26.03	1.0
1	4	1997	33.0	22.9	100.0	62.5	0.76	19.28	0.0
2	4	1997	33.6	23.0	100.0	58.5	0.73	17.86	0.0
3	4	1997	28.2	22.7	100.0	76.0	0.67	9.22	18.0
4	4	1997	32.8	21.0	100.0	58.0	0.73	22.79	0.0
5	4	1997	33.6	22.4	100.0	53.0	0.78	22.79	2.0
6	4	1997	33.4	22.4	100.0	59.0	0.73	16.49	6.0
7	4	1997	33.2	22.4	100.0	57.5	0.7	25.3	12.0
8	4	1997	33.1	23.4	99.5	59.5	0.78	13.03	24.0
9	4	1997	34.4	23.0	100.0	53.5	0.76	24.43	0.0
10	4	1997	31.0	23.8	99.5	69.5	0.75	10.88	21.0
11	4	1997	33.6	21.9	100.0	56.5	0.79	23.9	0.0
12	4	1997	33.7	23.9	99.5	51.0	0.8	20.13	2.0
13	4	1997	35.1	22.5	100.0	48.0	0.72	24.83	1.0
14	4	1997	33.5	22.8	100.0	58.5	0.71	18.72	0.0
15	4	1997	33.9	22.9	100.0	56.0	0.62	21.17	8.0
16	4	1997	33.0	23.5	99.0	61.5	0.64	13.5	1.0
17	4	1997	31.7	24.4	99.5	65.5	0.73	14.12	1.0
18	4	1997	33.6	22.5	100.0	59.0	0.75	17.71	31.0
19	4	1997	33.3	22.7	100.0	56.5	0.78	23.69	0.0
20	4	1997	33.1	23.1	99.5	61.0	0.83	14.01	12.0
21	4	1997	32.6	23.9	100.0	65.0	0.71	15.86	0.0
22	4	1997	33.8	24.0	100.0	55.5	0.78	15.3	0.0
23	4	1997	33.6	22.1	100.0	60.0	0.7	18.82	2.0
24	4	1997	32.4	23.1	100.0	64.0	0.67	16.78	16.0
25	4	1997	32.1	23.0	100.0	64.5	0.68	19.48	12.0
26	4	1997	29.6	22.7	100.0	73.0	0.66	10.53	6.0
27	4	1997	32.9	22.3	100.0	59.5	0.74	21.94	0.0
28	4	1997	33.4	23.3	100.0	60.5	0.68	13.9	5.0
29	4	1997	33.6	22.7	100.0	60.5	0.77	22.73	7.0
30	4	1997	32.1	24.6	100.0	67.0	0.86	15.38	6.0
1	5	1997	28.4	23.5	100.0	85.0	0.72	6.1	11.0
2	5	1997	34.0	21.9	100.0	58.0	0.73	21.28	0.0
3	5	1997	33.8	23.1	100.0	55.5	0.8	23.37	3.0
4	5	1997	32.0	24.3	100.0	66.5	0.7	12.21	0.0
5	5	1997	33.9	23.5	100.0	59.0	0.72	20.8	3.0
6	5	1997	33.6	24.3	100.0	62.5	0.73	15.01	0.0
7	5	1997	33.0	23.7	100.0	66.5	0.65	12.72	2.0
8	5	1997	31.4	23.7	100.0	73.0	0.71	7.22	17.0
9	5	1997	31.5	24.5	100.0	65.5	0.68	16.48	12.0
10	5	1997	28.5	23.7	100.0	76.0	0.73	8.83	2.0
11	5	1997	33.1	23.4	100.0	58.0	0.57	22.07	0.0
12	5	1997	35.2	22.9	100.0	52.5	0.59	23.06	0.0
13	5	1997	33.3	22.8	100.0	57.5	0.58	17.38	8.0
14	5	1997	34.6	22.7	100.0	50.0	0.41	21.81	0.0
15	5	1997	34.0	23.2	100.0	54.0	0.49	21.23	0.0
16	5	1997	34.7	23.0	100.0	53.5	0.6	18.02	0.0
17	5	1997	35.1	22.9	100.0	50.0	1.63	23.57	0.0
18	5	1997	34.0	22.5	100.0	54.5	1.46	19.64	0.0
19	5	1997	34.5	22.5	100.0	48.5	0.71	22.58	0.0
20	5	1997	34.6	21.2	100.0	49.5	0.98	23.71	0.0
21	5	1997	34.7	23.1	100.0	48.5	0.91	22.38	0.0
22	5	1997	33.1	23.0	100.0	54.5	1.33	24.09	0.0
23	5	1997	33.0	23.5	100.0	57.5	1.27	16.61	0.0
24	5	1997	33.7	22.2	100.0	51.5	1.25	22.56	0.0
25	5	1997	35.2	22.6	100.0	53.0	1.31	15.17	4.0
26	5	1997	34.3	23.1	100.0	52.0	1.2	19.46	0.0
27	5	1997	34.1	22.2	100.0	49.0	1.12	24.48	0.0
28	5	1997	34.2	22.4	100.0	52.5	1.2	16.23	0.0
29	5	1997	33.6	22.0	100.0	50.0	0.89	21.76	0.0
30	5	1997	31.8	22.0	100.0	58.5	0.66	17.1	4.0
31	5	1997	32.6	23.2	100.0	58.5	0.94	15.31	5.0
1	6	1997	33.1	23.1	100.0	56.5	0.91	18.16	6.0
2	6	1997	31.9	23.1	100.0	64.0	0.74	14.43	0.0
3	6	1997	31.6	22.8	100.0	65.0	1.15	13.07	1.0
4	6	1997	33.1	21.9	100.0	55.0	1.05	18.43	0.0
5	6	1997	33.6	22.1	100.0	51.0	1.22	20.84	0.0
6	6	1997	33.9	22.0	99.5	47.5	1.1	19.77	0.0
7	6	1997	34.7	23.0	100.0	44.5	1.31	20.52	0.0
8	6	1997	33.9	23.7	99.5	55.0	1.24	19.7	9.0
9	6	1997	31.6	23.5	100.0	68.5	0.95	10.06	10.0
10	6	1997	29.2	23.2	100.0	75.5	1.13	9.02	8.0
11	6	1997	32.1	22.9	100.0	62.5	1.27	13.24	2.0
12	6	1997	32.6	22.9	100.0	59.5	1.24	16.86	0.0
13	6	1997	32.5	23.4	100.0	61.5	1.09	17.68	0.0
14	6	1997	33.5	24.3	98.5	58.0	1.09	13.2	0.0
15	6	1997	33.2	24.2	98.0	59.0	1.15	14.72	1.0
16	6	1997	32.7	24.7	90.0	60.5	1.23	12.73	1.0
17	6	1997	32.4	22.7	98.5	56.0	1.32	21.1	0.0
18	6	1997	32.9	20.6	100.0	55.5	1.17	17.52	0.0
19	6	1997	33.2	22.6	96.5	55.5	1.13	18.79	0.0
20	6	1997	33.2	22.1	100.0	52.5	0.78	21.11	0.0
21	6	1997	34.4	21.2	100.0	48.5	0.96	20.33	0.0
22	6	1997	33.2	22.6	97.0	54.0	0.9	19.23	0.0
23	6	1997	34.2	21.5	100.0	46.5	0.94	21.69	0.0
24	6	1997	33.2	22.0	99.0	48.0	1.32	20.56	0.0
25	6	1997	32.9	20.9	100.0	55.5	0.76	19.11	0.0
26	6	1997	32.9	21.2	100.0	54.0	0.82	19.08	0.0
27	6	1997	32.5	21.8	100.0	54.0	0.81	19.43	0.0
28	6	1997	32.1	22.9	95.0	53.5	1.15	16.63	0.0
29	6	1997	32.1	21.2	98.5	53.0	0.91	17.97	0.0
30	6	1997	32.6	21.0	99.0	46.5	0.86	19.27	0.0
1	7	1997	32.4	20.1	100.0	47.0	1.1	17.52	0.0
2	7	1997	33.8	19.5	100.0	44.5	1.15	19.37	0.0
3	7	1997	33.6	21.8	100.0	54.5	0.91	16.34	0.0
4	7	1997	33.5	22.0	100.0	53.0	0.79	20.31	0.0
5	7	1997	32.1	24.0	99.5	64.5	1.09	16.19	6.0
6	7	1997	30.8	23.2	100.0	67.0	1.02	11.67	14.0
7	7	1997	32.2	21.7	100.0	58.5	1.1	12.79	9.0
8	7	1997	32.4	21.4	100.0	57.5	0.74	10.78	61.0
9	7	1997	28.3	23.0	100.0	79.5	1.27	8.28	23.0
10	7	1997	29.7	22.7	100.0	69.0	1.16	17.27	15.0
11	7	1997	28.8	22.3	100.0	71.5	0.95	8.47	4.0
12	7	1997	32.6	21.8	100.0	54.5	0.93	18.8	0.0
13	7	1997	32.5	21.5	100.0	57.0	1.23	16.14	65.0
14	7	1997	32.0	20.8	100.0	56.5	1.41	18.77	0.0
15	7	1997	33.3	21.9	100.0	52.5	0.97	18.08	0.0
16	7	1997	32.7	21.5	100.0	49.5	1.01	23.18	0.0
17	7	1997	31.8	21.9	100.0	58.5	1.31	22.13	6.0
18	7	1997	31.8	22.1	100.0	59.0	1.35	19.76	0.0
19	7	1997	30.6	21.5	100.0	64.5	1.2	14.8	6.0
20	7	1997	30.9	22.7	100.0	63.0	1.15	11.68	4.0
21	7	1997	31.5	21.4	100.0	55.5	1.04	13.47	1.0
22	7	1997	32.2	21.1	100.0	60.5	1.2	14.76	5.0
23	7	1997	30.6	23.4	99.5	65.5	1.1	14.3	8.0
24	7	1997	31.0	23.2	100.0	67.5	1.11	11.97	8.0
25	7	1997	30.7	23.4	100.0	64.5	0.74	13.03	17.0
26	7	1997	31.9	23.1	100.0	61.5	0.94	19.54	0.0
27	7	1997	32.1	22.5	99.0	57.0	1.04	22.96	0.0
28	7	1997	31.4	22.7	96.0	59.0	1.39	17.76	0.0
29	7	1997	29.9	22.3	100.0	68.0	1	11.41	8.0
30	7	1997	27.2	23.4	99.0	76.5	1.16	7.72	4.0
31	7	1997	31.2	21.3	100.0	56.5	1.37	21.89	0.0
1	8	1997	32.4	19.4	100.0	44.0	1.12	24.89	0.0
2	8	1997	32.2	19.7	100.0	48.5	1.34	24.26	0.0
3	8	1997	31.1	19.2	100.0	52.5	1.24	22.97	0.0
4	8	1997	31.9	18.3	100.0	50.0	1.44	23.54	0.0
5	8	1997	32.4	19.0	100.0	42.5	1.28	20.54	1.0
6	8	1997	31.8	19.4	100.0	53.0	1.17	19.66	0.0
7	8	1997	31.7	19.0	100.0	49.5	1.38	23.6	0.0
8	8	1997	30.7	19.8	100.0	58.5	1.33	19.57	0.0
9	8	1997	32.4	19.7	100.0	47.5	1.27	25.14	0.0
10	8	1997	33.1	20.9	99.5	43.5	1.47	25.36	0.0
11	8	1997	32.3	20.5	100.0	50.5	1.28	24.27	0.0
12	8	1997	31.8	21.1	100.0	53.5	1.18	21.58	0.0
13	8	1997	32.7	21.2	100.0	45.5	1.05	23.94	0.0
14	8	1997	31.8	20.9	98.5	55.5	0.9	18.51	0.0
15	8	1997	32.7	20.1	100.0	46.0	1.24	21.27	0.0
16	8	1997	31.9	20.0	100.0	51.5	1.28	16.93	0.0
17	8	1997	31.1	20.0	99.5	51.5	1.31	17.64	0.0
18	8	1997	32.1	20.1	100.0	45.0	1.28	21.21	0.0
19	8	1997	33.0	19.7	100.0	45.5	1.19	21.83	0.0
20	8	1997	33.1	19.4	100.0	47.5	0.82	23.71	0.0
21	8	1997	32.6	18.9	100.0	42.5	0.95	21.63	0.0
22	8	1997	32.9	19.7	100.0	49.0	1.03	23.89	1.0
23	8	1997	34.3	20.7	100.0	38.5	0.93	23.14	0.0
24	8	1997	34.3	20.6	100.0	47.0	0.89	23.39	0.0
25	8	1997	34.3	21.0	100.0	43.5	1.13	21.77	0.0
26	8	1997	33.5	19.9	100.0	44.5	1.24	25.83	0.0
27	8	1997	33.3	20.2	100.0	44.5	1.15	21.84	0.0
28	8	1997	34.0	20.1	99.5	44.5	0.89	23.34	0.0
29	8	1997	32.7	21.3	100.0	55.5	1.11	18.98	0.0
30	8	1997	33.4	23.4	98.0	53.5	1.06	20.34	0.0
31	8	1997	33.2	21.6	99.0	48.0	1.32	19.89	0.0
1	9	1997	32.3	20.7	100.0	56.0	1.02	14.11	0.0
2	9	1997	33.8	21.0	100.0	49.0	1.25	24.02	0.0
3	9	1997	33.3	22.2	98.5	54.0	0.97	24.38	0.0
4	9	1997	33.1	21.0	100.0	53.0	1.03	20.24	0.0
5	9	1997	33.8	20.4	100.0	51.5	1.3	26.14	0.0
6	9	1997	34.7	22.9	96.5	44.0	1.05	21.91	0.0
7	9	1997	34.1	21.2	99.5	44.5	1.15	23.27	0.0
8	9	1997	33.3	19.8	100.0	45.0	1.06	21.8	0.0
9	9	1997	32.8	20.3	100.0	52.5	1.28	17.92	0.0
10	9	1997	28.1	22.9	100.0	77.0	1.1	5.06	11.0
11	9	1997	30.5	21.9	100.0	64.0	1.02	12.01	11.0
12	9	1997	31.7	23.6	100.0	60.5	1.05	11.07	8.0
13	9	1997	32.0	22.6	100.0	56.0	1.06	16.58	6.0
14	9	1997	33.7	21.8	100.0	31.5	1.24	29	0.0
15	9	1997	32.9	21.1	99.5	50.0	1.09	21.13	0.0
16	9	1997	32.4	20.7	100.0	54.5	0.97	24.12	0.0
17	9	1997	33.7	21.8	100.0	47.5	0.89	21.32	0.0
18	9	1997	34.2	21.0	100.0	44.0	0.88	22.81	0.0
19	9	1997	33.4	23.2	98.5	55.0	0.98	19.2	0.0
20	9	1997	33.3	22.5	100.0	54.5	1.03	23.2	5.0
21	9	1997	33.1	23.6	100.0	47.5	0.9	20.59	1.0
22	9	1997	33.9	21.2	100.0	41.5	0.87	24.17	0.0
23	9	1997	33.2	20.5	100.0	47.5	0.87	18.02	0.0
24	9	1997	34.2	22.6	99.5	48.0	1.11	20.32	0.0
25	9	1997	33.4	23.5	96.5	52.5	1.25	18.78	0.0
26	9	1997	33.7	22.9	98.0	47.0	0.86	20.58	0.0
27	9	1997	34.7	20.9	100.0	42.5	0.93	22.73	0.0
28	9	1997	33.8	20.7	100.0	46.0	1.01	22.53	0.0
29	9	1997	33.6	22.1	100.0	52.5	1.11	20.23	0.0
30	9	1997	34.9	22.1	100.0	47.0	1.16	20.52	0.0
1	10	1997	28.7	21.7	100.0	78.5	1.13	7.57	72.0
2	10	1997	32.4	22.4	100.0	57.5	1.05	19.49	1.0
3	10	1997	33.3	20.4	100.0	50.5	1.05	24.04	1.0
4	10	1997	33.9	20.6	100.0	46.5	0.97	24.72	0.0
5	10	1997	33.5	21.1	100.0	48.0	0.82	25.36	0.0
6	10	1997	32.5	21.2	100.0	53.0	0.95	15.71	0.0
7	10	1997	33.3	20.6	100.0	52.0	0.84	16.6	0.0
8	10	1997	34.2	21.2	100.0	44.5	0.78	23.12	1.0
9	10	1997	34.2	21.1	100.0	47.5	0.86	23.66	0.0
10	10	1997	34.9	21.1	100.0	45.0	0.88	24.08	0.0
11	10	1997	35.6	22.5	100.0	40.0	0.86	24.14	0.0
12	10	1997	35.3	21.0	100.0	43.5	0.93	24	0.0
13	10	1997	34.7	21.2	100.0	45.0	1.02	25.4	0.0
14	10	1997	34.4	20.9	100.0	37.5	0.86	23.82	0.0
15	10	1997	35.5	19.4	100.0	42.0	0.72	24.67	0.0
16	10	1997	35.7	19.1	100.0	26.5	0.89	26.49	0.0
17	10	1997	35.9	21.0	100.0	43.5	0.86	23.43	0.0
18	10	1997	36.0	21.8	100.0	31.0	0.79	25.74	0.0
19	10	1997	35.0	20.9	100.0	38.5	0.79	24.18	0.0
20	10	1997	34.6	21.6	100.0	45.5	1.13	19.2	6.0
21	10	1997	33.3	22.8	100.0	55.5	1.04	19.47	0.0
22	10	1997	33.9	22.6	100.0	44.5	1.04	23.8	0.0
23	10	1997	33.6	22.7	100.0	53.5	0.88	18.9	0.0
24	10	1997	33.7	23.6	100.0	57.0	0.87	21.77	3.0
25	10	1997	33.9	22.6	100.0	55.0	0.93	21.59	0.0
26	10	1997	33.8	23.1	100.0	50.5	0.94	18.71	0.0
27	10	1997	34.8	22.5	99.0	47.5	1.05	23.18	0.0
28	10	1997	33.3	23.4	100.0	57.5	0.81	15.26	1.0
29	10	1997	33.5	22.9	100.0	55.0	1.18	16.03	4.0
30	10	1997	34.7	23.3	100.0	50.0	0.65	18.24	4.0
31	10	1997	35.4	23.1	100.0	49.5	0.79	23.48	0.0
1	11	1997	34.9	23.8	100.0	50.0	0.81	23.17	0.0
2	11	1997	34.4	24.2	99.5	52.0	0.6	22.19	0.0
3	11	1997	36.2	22.9	100.0	42.5	0.68	24.84	0.0
4	11	1997	33.6	22.3	99.5	54.0	0.68	16.82	11.0
5	11	1997	32.5	23.8	100.0	63.5	0.84	13.49	70.0
6	11	1997	33.2	23.0	100.0	54.0	0.69	16.47	1.0
7	11	1997	33.3	23.0	100.0	58.5	0.86	17.67	3.0
8	11	1997	34.0	23.8	100.0	54.0	0.88	21.6	0.0
9	11	1997	32.5	23.2	100.0	57.5	1.02	19.33	0.0
10	11	1997	33.7	21.9	100.0	50.5	0.64	17.51	33.0
11	11	1997	34.0	22.6	100.0	50.5	0.67	16.7	17.0
12	11	1997	34.2	22.8	100.0	54.5	0.82	16.22	6.0
13	11	1997	33.8	22.4	100.0	56.5	0.87	17.41	1.0
14	11	1997	34.1	23.3	100.0	50.0	0.73	19.6	0.0
15	11	1997	34.7	23.2	100.0	54.5	0.86	16.29	1.0
16	11	1997	35.1	22.6	100.0	43.0	1.04	20.43	0.0
17	11	1997	35.6	22.5	100.0	47.0	0.87	21.36	0.0
18	11	1997	35.5	23.3	100.0	47.0	0.84	16.96	22.0
19	11	1997	32.0	23.7	100.0	67.0	0.74	12.67	0.0
20	11	1997	28.8	23.4	100.0	71.5	0.83	8.46	5.0
21	11	1997	31.4	23.2	100.0	65.0	0.61	13.7	2.0
22	11	1997	27.1	22.6	100.0	82.0	0.79	6.32	28.0
23	11	1997	32.9	22.5	100.0	55.5	0.83	17.3	3.0
24	11	1997	31.7	22.9	100.0	59.0	0.86	15.26	7.0
25	11	1997	33.1	22.9	100.0	54.5	0.82	22.43	3.0
26	11	1997	32.3	23.4	100.0	57.5	0.83	23.89	24.0
27	11	1997	34.9	23.0	100.0	49.0	1.13	19.26	0.0
28	11	1997	31.2	22.8	100.0	64.5	1.61	14.56	0.0
29	11	1997	34.1	22.6	100.0	51.0	0.76	18.16	6.0
30	11	1997	31.5	23.1	100.0	65.0	1.09	10.88	6.0
1	12	1997	31.6	22.9	99.5	62.5	1.11	13.32	0.0
2	12	1997	32.7	23.7	100.0	55.5	0.95	19.97	0.0
3	12	1997	30.8	23.4	100.0	61.5	0.8	12.59	2.0
4	12	1997	32.0	23.8	100.0	57.5	0.88	18.4	0.0
5	12	1997	34.2	23.4	100.0	51.5	0.65	17.8	58.0
6	12	1997	30.5	22.6	100.0	68.0	0.79	14.23	1.0
7	12	1997	30.0	22.9	100.0	73.5	0.79	7.26	13.0
8	12	1997	34.7	22.1	100.0	47.5	0.59	25.68	0.0
9	12	1997	32.5	22.6	100.0	58.0	0.75	12.87	45.0
10	12	1997	34.0	22.0	100.0	50.0	0.88	20.92	85.0
11	12	1997	30.2	23.1	100.0	70.5	0.82	11.11	3.0
12	12	1997	34.8	22.1	100.0	45.5	0.67	18.58	42.0
13	12	1997	32.8	23.0	100.0	60.5	0.91	15.53	3.0
14	12	1997	33.3	22.2	100.0	56.0	1.47	22.26	3.0
15	12	1997	33.4	22.9	100.0	55.0	2.03	15.09	6.0
16	12	1997	33.4	22.9	100.0	60.5	1.32	14.97	17.0
17	12	1997	32.6	22.8	100.0	59.0	1.28	14.99	17.0
18	12	1997	34.0	22.5	100.0	53.0	1.35	19.14	1.0
19	12	1997	30.7	22.6	100.0	66.5	1.02	10.38	51.0
20	12	1997	34.3	21.9	100.0	41.0	1.34	26.14	0.0
21	12	1997	33.5	22.4	100.0	56.0	0.9	19.89	1.0
22	12	1997	29.9	23.0	100.0	73.0	1.23	8.89	0.0
23	12	1997	31.8	22.9	100.0	64.5	1.18	11.8	50.0
24	12	1997	34.4	22.0	100.0	43.5	1.41	22.96	58.0
25	12	1997	33.5	23.1	100.0	53.5	1.47	21.38	14.0
26	12	1997	33.0	22.8	100.0	57.0	0.79	16.23	4.0
27	12	1997	33.8	22.5	100.0	51.5	0.67	18.1	9.0
28	12	1997	29.8	22.9	100.0	73.0	0.95	9.72	3.0
29	12	1997	31.3	22.5	100.0	64.0	0.94	17.46	0.0
30	12	1997	29.9	22.8	100.0	68.0	0.66	11.93	0.0
31	12	1997	33.3	22.6	100.0	51.0	0.78	22.68	1.0
1	1	1998	33.3	23.3	100.0	56.0	0.76	17.51	17.0
2	1	1998	32.6	22.2	100.0	59.5	0.43	17.58	14.0
3	1	1998	34.0	23.0	100.0	50.0	0.78	19.24	70.0
4	1	1998	33.3	22.8	100.0	56.0	0.44	15.49	18.0
5	1	1998	34.1	23.5	100.0	53.5	1.02	18.4	15.0
6	1	1998	32.7	23.5	100.0	62.5	0.83	15.33	3.0
7	1	1998	31.3	22.9	100.0	68.0	0.49	17.39	1.0
8	1	1998	33.2	23.6	100.0	57.0	0.78	16.74	23.0
9	1	1998	31.3	23.1	100.0	64.0	0.8	19.41	0.0
10	1	1998	33.0	23.7	100.0	54.5	0.94	15.94	15.0
11	1	1998	33.7	23.3	100.0	55.5	1.04	16.44	36.0
12	1	1998	33.2	23.0	100.0	56.5	0.9	16.6	12.0
13	1	1998	31.4	23.0	100.0	65.5	0.58	17.38	7.0
14	1	1998	32.3	23.4	100.0	64.0	0.71	15.14	8.0
15	1	1998	33.1	23.2	100.0	57.5	0.86	18.91	0.0
16	1	1998	33.2	22.7	100.0	58.0	0.64	16.83	1.0
17	1	1998	32.0	21.9	100.0	65.5	0.84	14.93	45.0
18	1	1998	31.6	23.2	100.0	66.0	0.61	13.92	13.0
19	1	1998	31.0	23.2	100.0	67.0	0.82	11.4	30.0
20	1	1998	33.3	22.5	100.0	56.0	0.44	18.5	42.0
21	1	1998	32.3	22.6	100.0	57.5	0.91	20.17	2.0
22	1	1998	32.2	23.3	100.0	61.5	0.9	19.29	1.0
23	1	1998	32.8	22.8	100.0	49.5	0.98	24.6	0.0
24	1	1998	33.5	22.9	100.0	51.0	0.53	24.68	0.0
25	1	1998	31.2	23.3	100.0	65.5	0.61	13.48	1.0
26	1	1998	34.3	21.8	100.0	51.0	0.65	23.37	0.0
27	1	1998	33.3	23.1	100.0	54.0	0.67	21.94	0.0
28	1	1998	33.0	23.1	100.0	58.5	0.79	18.92	50.0
29	1	1998	29.6	23.7	100.0	73.0	0.81	10.01	6.0
30	1	1998	33.5	22.8	100.0	55.5	0.65	22.63	0.0
31	1	1998	33.6	22.8	100.0	56.5	0.94	21.74	24.0
1	2	1998	30.3	23.0	100.0	68.5	0.75	10.33	1.0
2	2	1998	30.5	23.3	100.0	68.5	0.73	9.78	0.0
3	2	1998	32.1	23.1	100.0	63.0	0.68	14.52	42.0
4	2	1998	30.9	23.2	100.0	65.0	0.87	13.49	0.0
5	2	1998	30.4	23.2	100.0	64.0	1.26	18.02	0.0
6	2	1998	33.1	22.5	100.0	54.0	1.18	23.62	66.0
7	2	1998	32.4	23.2	100.0	62.5	1.69	17.29	26.0
8	2	1998	32.9	21.9	100.0	57.5	1.27	19.53	0.0
9	2	1998	31.1	23.7	100.0	68.0	1.25	16.48	0.0
10	2	1998	33.4	23.8	100.0	58.0	1.11	19.26	28.0
11	2	1998	33.0	23.2	100.0	56.5	0.52	18.7	0.0
12	2	1998	30.9	23.9	100.0	69.0	0.82	15.09	0.0
13	2	1998	32.8	23.3	100.0	57.5	0.97	22.14	1.0
14	2	1998	31.6	23.9	100.0	64.0	0.69	20.37	0.0
15	2	1998	33.3	21.9	100.0	56.5	0.86	22.98	19.0
16	2	1998	32.3	23.3	100.0	63.5	0.71	14.82	9.0
17	2	1998	31.5	22.8	100.0	66.0	0.9	22.13	0.0
18	2	1998	33.3	23.3	100.0	58.5	0.75	17.31	2.0
19	2	1998	32.1	23.7	100.0	65.0	0.64	15.57	30.0
20	2	1998	32.9	23.6	100.0	60.0	0.95	16.16	1.0
21	2	1998	30.3	23.4	100.0	70.5	1	15.71	18.0
22	2	1998	34.6	22.2	100.0	52.5	1.03	24.08	12.0
23	2	1998	33.5	23.3	100.0	58.5	0.67	15.98	58.0
24	2	1998	32.6	22.4	100.0	60.0	0.71	23.32	18.0
25	2	1998	33.0	22.4	100.0	61.0	0.89	14.28	77.0
26	2	1998	34.8	22.8	100.0	53.5	0.98	23.8	0.0
27	2	1998	31.3	23.5	100.0	68.0	0.67	13.8	15.0
28	2	1998	31.4	23.7	100.0	69.5	0.74	16.78	6.0
1	3	1998	33.4	23.4	100.0	53.0	0.82	26.63	5.0
2	3	1998	33.3	22.7	100.0	56.0	1.22	13.67	128.0
3	3	1998	33.5	22.2	100.0	56.0	0.93	19.56	1.0
4	3	1998	33.5	22.3	100.0	59.5	0.89	14.74	71.0
5	3	1998	33.2	22.7	100.0	54.0	0.91	19.23	15.0
6	3	1998	32.0	23.7	100.0	63.0	0.58	22.87	0.0
7	3	1998	32.3	22.9	100.0	60.0	0.71	16.51	104.0
8	3	1998	32.1	23.4	100.0	59.5	0.46	20.9	1.0
9	3	1998	33.7	22.9	100.0	56.5	0.67	22.21	0.0
10	3	1998	33.6	23.0	100.0	57.0	0.69	19.79	62.0
11	3	1998	32.6	23.6	100.0	60.0	0.78	22.11	3.0
12	3	1998	32.8	22.8	100.0	60.5	0.56	23.67	4.0
13	3	1998	34.7	22.6	100.0	47.5	0.67	23.97	15.0
14	3	1998	34.7	21.6	100.0	53.0	0.76	26.46	2.0
15	3	1998	34.0	23.9	100.0	52.5	0.95	16.16	0.0
16	3	1998	33.0	23.0	100.0	57.0	0.75	22.39	26.0
17	3	1998	33.8	22.3	100.0	53.5	0.72	18.04	30.0
18	3	1998	34.3	21.5	100.0	51.5	0.67	26.6	6.0
19	3	1998	33.8	23.4	100.0	59.5	0.83	21.41	37.0
20	3	1998	31.9	22.6	100.0	67.0	0.66	13.63	2.0
21	3	1998	33.2	23.4	100.0	60.5	0.69	25.88	16.0
22	3	1998	31.9	23.3	100.0	63.5	0.65	15.64	9.0
23	3	1998	33.1	22.4	100.0	59.5	0.63	21.57	3.0
24	3	1998	33.4	24.1	100.0	60.0	0.44	17.04	0.0
25	3	1998	28.2	23.4	100.0	78.5	0.67	5.51	11.0
26	3	1998	33.5	22.3	100.0	53.5	0.43	17.18	31.0
27	3	1998	34.2	22.7	100.0	54.5	0.72	27.33	0.0
28	3	1998	33.5	23.8	100.0	58.0	0.68	16.64	0.0
29	3	1998	31.2	23.5	100.0	70.0	0.72	10.19	3.0
30	3	1998	31.9	24.5	100.0	64.5	0.66	14.67	1.0
31	3	1998	32.7	22.8	100.0	64.5	0.71	14.54	2.0
1	4	1998	34.0	23.5	100.0	55.5	0.76	17.21	3.0
2	4	1998	28.9	24.2	100.0	77.5	0.73	9.07	1.0
3	4	1998	33.6	24.1	100.0	56.0	0.67	16.59	0.0
4	4	1998	31.8	23.3	100.0	66.0	0.73	15.54	0.0
5	4	1998	30.9	23.3	100.0	72.5	0.78	11.98	0.0
6	4	1998	31.8	22.8	100.0	64.0	0.73	15.56	0.0
7	4	1998	27.6	24.0	100.0	82.5	0.7	5.8	0.0
8	4	1998	32.5	23.2	100.0	61.0	0.78	15.71	12.0
9	4	1998	30.1	23.5	100.0	65.0	0.76	10.92	0.0
10	4	1998	33.8	23.5	100.0	53.0	0.75	18.32	17.0
11	4	1998	28.9	22.7	100.0	77.0	0.79	6.52	13.0
12	4	1998	33.8	22.0	100.0	53.0	0.8	20.73	0.0
13	4	1998	33.4	22.6	100.0	61.5	0.72	18.87	0.0
14	4	1998	34.4	22.8	100.0	55.0	0.71	16.61	20.0
15	4	1998	32.7	22.4	100.0	63.0	0.62	12.03	32.0
16	4	1998	33.0	21.9	100.0	55.0	0.64	17.56	28.0
17	4	1998	34.7	21.2	100.0	50.5	0.73	21.47	0.0
18	4	1998	32.2	22.1	100.0	54.5	0.75	21.77	1.0
19	4	1998	32.9	22.6	100.0	59.0	0.78	21.36	53.0
20	4	1998	31.7	23.1	100.0	66.0	0.83	22.4	6.0
21	4	1998	31.1	22.5	100.0	67.0	0.71	13.07	2.0
22	4	1998	31.2	23.7	100.0	64.5	0.78	19.09	0.0
23	4	1998	32.1	23.3	100.0	63.5	0.7	12.56	1.0
24	4	1998	30.3	23.3	100.0	79.0	0.67	8.08	76.0
25	4	1998	31.8	23.4	100.0	69.0	0.68	14.01	2.0
26	4	1998	32.5	23.5	100.0	62.0	0.66	16.93	0.0
27	4	1998	32.9	23.5	100.0	62.5	0.74	21.2	0.0
28	4	1998	32.6	24.2	100.0	63.5	0.68	23.8	0.0
29	4	1998	32.2	24.3	100.0	67.5	0.77	16.12	0.0
30	4	1998	33.6	23.1	100.0	60.0	0.86	18.4	1.0
1	5	1998	31.4	24.3	100.0	65.5	0.72	14.91	0.0
2	5	1998	33.7	23.3	100.0	51.5	0.73	24.18	0.0
3	5	1998	33.7	24.4	100.0	55.5	0.8	16.63	33.0
4	5	1998	33.7	24.3	100.0	60.5	0.7	22.51	1.0
5	5	1998	28.3	24.3	100.0	84.5	0.72	6.84	6.0
6	5	1998	32.9	23.1	100.0	57.5	0.73	16.58	1.0
7	5	1998	31.7	23.0	100.0	68.5	0.65	14.01	0.0
8	5	1998	30.6	24.0	100.0	78.5	0.71	12.22	0.0
9	5	1998	32.7	23.2	100.0	62.0	0.68	12.84	9.0
10	5	1998	31.5	23.2	100.0	68.0	0.73	11.54	17.0
11	5	1998	32.7	23.9	100.0	62.5	0.57	12.63	10.0
12	5	1998	32.4	23.8	100.0	63.0	0.59	16.92	2.0
13	5	1998	32.1	22.8	100.0	64.5	0.58	13.94	19.0
14	5	1998	28.2	22.8	100.0	79.5	0.41	6.53	8.0
15	5	1998	32.2	22.0	100.0	65.0	0.49	14.56	2.0
16	5	1998	32.8	23.0	100.0	61.5	0.6	19.16	0.0
17	5	1998	34.4	23.5	100.0	51.5	1.63	24.02	0.0
18	5	1998	31.9	22.5	100.0	62.5	1.46	10.34	15.0
19	5	1998	33.1	21.8	100.0	55.0	0.71	20.58	0.0
20	5	1998	32.4	23.2	100.0	61.5	0.98	18.1	10.0
21	5	1998	33.9	23.2	100.0	59.5	0.91	17.17	0.0
22	5	1998	34.0	23.2	100.0	56.0	1.33	16.38	7.0
23	5	1998	32.8	22.9	100.0	63.0	1.27	17.3	5.0
24	5	1998	32.2	23.0	100.0	63.5	1.25	22.63	0.0
25	5	1998	32.1	23.4	100.0	65.0	1.31	19.04	0.0
26	5	1998	32.9	22.7	100.0	57.0	1.2	18.96	0.0
27	5	1998	30.8	24.1	100.0	71.5	1.12	8.23	3.0
28	5	1998	25.4	22.2	100.0	93.0	1.2	4.01	55.0
29	5	1998	30.8	21.7	100.0	69.5	0.89	12.09	1.0
30	5	1998	32.7	22.3	100.0	61.5	0.66	17.87	0.0
31	5	1998	33.2	22.8	100.0	56.0	0.94	22.59	0.0
1	6	1998	32.8	22.0	100.0	58.5	0.91	22.46	0.0
2	6	1998	33.5	22.4	100.0	58.5	0.74	15.96	36.0
3	6	1998	32.1	22.8	100.0	65.0	1.15	14.7	3.0
4	6	1998	32.4	23.9	100.0	65.0	1.05	14.53	2.0
5	6	1998	32.8	23.7	100.0	64.5	1.22	15.67	15.0
6	6	1998	33.0	23.7	100.0	60.0	1.1	19.5	0.0
7	6	1998	33.9	22.9	100.0	51.0	1.31	17.71	0.0
8	6	1998	34.2	22.7	100.0	50.0	1.24	20.87	0.0
9	6	1998	33.2	22.8	100.0	58.5	0.95	22.34	0.0
10	6	1998	32.6	23.3	100.0	62.0	1.13	11.08	9.0
11	6	1998	32.4	23.3	100.0	62.5	1.27	18.33	2.0
12	6	1998	33.5	23.6	100.0	57.0	1.24	20.74	0.0
13	6	1998	29.4	24.0	100.0	81.0	1.09	6.02	5.0
14	6	1998	30.7	23.7	100.0	73.0	1.09	10.96	1.0
15	6	1998	32.6	22.0	100.0	56.0	1.15	20.42	0.0
16	6	1998	32.7	22.1	100.0	56.0	1.23	20.69	0.0
17	6	1998	33.3	22.7	100.0	54.5	1.32	19.9	95.0
18	6	1998	33.6	21.4	100.0	57.5	1.17	23.79	0.0
19	6	1998	32.8	22.8	100.0	61.0	1.13	14.1	33.0
20	6	1998	33.8	22.4	100.0	55.0	0.78	22.16	0.0
21	6	1998	34.6	22.5	100.0	57.0	0.96	19.08	0.0
22	6	1998	33.8	23.5	100.0	57.5	0.9	18.49	0.0
23	6	1998	31.4	23.7	100.0	63.5	0.94	13.27	2.0
24	6	1998	27.7	23.3	100.0	81.0	1.32	6.39	9.0
25	6	1998	31.4	22.3	100.0	65.5	0.76	10.98	4.0
26	6	1998	33.1	21.6	100.0	56.0	0.82	18.16	3.0
27	6	1998	31.9	22.9	100.0	58.0	0.81	22.48	0.0
28	6	1998	33.8	22.3	100.0	51.0	1.15	21.73	0.0
29	6	1998	33.8	20.9	100.0	49.0	0.91	22.47	0.0
30	6	1998	33.9	21.6	100.0	53.5	0.86	15.91	0.0
1	7	1998	32.6	22.3	100.0	59.5	1.1	15.68	1.0
2	7	1998	33.6	21.5	100.0	51.0	1.15	21.91	0.0
3	7	1998	32.4	21.2	100.0	48.0	0.91	19.29	0.0
4	7	1998	32.7	22.6	100.0	62.5	0.79	10.5	0.0
5	7	1998	30.9	22.7	100.0	67.5	1.09	13.48	14.0
6	7	1998	32.0	22.4	100.0	58.0	1.02	15.86	1.0
7	7	1998	30.8	22.9	100.0	69.0	1.1	9.73	6.0
8	7	1998	32.3	22.5	100.0	62.0	0.74	15.41	0.0
9	7	1998	28.6	23.1	100.0	72.5	1.27	6.89	25.0
10	7	1998	32.3	21.9	100.0	60.0	1.16	17.7	0.0
11	7	1998	31.9	21.7	100.0	56.5	0.95	23.89	0.0
12	7	1998	35.7	22.6	100.0	45.5	0.93	17.08	14.0
13	7	1998	33.0	22.5	100.0	55.0	1.23	16.02	0.0
14	7	1998	32.6	22.3	100.0	58.0	1.41	21.03	0.0
15	7	1998	33.7	22.4	100.0	56.0	0.97	21.4	1.0
16	7	1998	29.6	23.0	100.0	75.0	1.01	12.03	3.0
17	7	1998	31.3	22.7	100.0	66.5	1.31	12.69	10.0
18	7	1998	32.1	22.7	100.0	61.5	1.35	16.36	0.0
19	7	1998	32.0	21.9	100.0	55.5	1.2	20.44	0.0
20	7	1998	31.3	23.1	100.0	62.0	1.15	11.22	1.0
21	7	1998	33.3	22.6	100.0	55.5	1.04	20.39	0.0
22	7	1998	31.9	22.1	100.0	62.0	1.2	15.64	0.0
23	7	1998	32.4	21.9	100.0	56.5	1.1	18.66	0.0
24	7	1998	31.7	21.7	100.0	54.0	1.11	15.08	0.0
25	7	1998	31.4	22.5	100.0	59.5	0.74	12.22	0.0
26	7	1998	31.2	22.3	100.0	61.0	0.94	12.94	0.0
27	7	1998	32.6	21.9	100.0	56.5	1.04	15.09	0.0
28	7	1998	32.9	22.8	98.5	57.5	1.39	18.81	0.0
29	7	1998	32.8	22.0	100.0	57.0	1	18.97	0.0
30	7	1998	33.3	22.0	100.0	55.0	1.16	19.14	0.0
31	7	1998	33.2	23.0	100.0	52.5	1.37	18.94	0.0
1	8	1998	32.8	22.1	100.0	57.0	1.12	14.03	15.0
2	8	1998	32.3	21.9	100.0	58.5	1.34	12.67	3.0
3	8	1998	34.1	23.2	100.0	51.0	1.24	16.67	10.0
4	8	1998	32.9	23.1	100.0	62.0	1.44	18.11	2.0
5	8	1998	33.4	21.7	100.0	53.0	1.28	21.91	0.0
6	8	1998	32.0	22.6	100.0	52.5	1.17	18.23	0.0
7	8	1998	32.1	20.9	100.0	53.5	1.38	17.01	0.0
8	8	1998	32.2	21.1	100.0	51.0	1.33	16.23	0.0
9	8	1998	33.3	23.4	98.0	56.5	1.27	19.08	0.0
10	8	1998	34.2	22.1	100.0	49.0	1.47	20.31	0.0
11	8	1998	33.8	22.6	100.0	51.0	1.28	19.11	1.0
12	8	1998	34.3	22.7	100.0	47.0	1.18	21.27	0.0
13	8	1998	34.2	22.3	100.0	45.0	1.05	21.44	1.0
14	8	1998	34.6	20.9	100.0	44.5	0.9	20.59	0.0
15	8	1998	32.8	22.9	100.0	58.0	1.24	18.37	0.0
16	8	1998	33.3	22.4	100.0	57.0	1.28	18.14	26.0
17	8	1998	32.1	21.9	100.0	59.0	1.31	22.62	0.0
18	8	1998	34.0	22.1	100.0	53.5	1.28	17.93	0.0
19	8	1998	33.4	23.7	100.0	50.0	1.19	19.58	1.0
20	8	1998	32.4	23.3	100.0	58.5	0.82	12.47	16.0
21	8	1998	25.9	22.9	100.0	94.5	0.95	2.84	15.0
22	8	1998	33.1	21.2	100.0	54.0	1.03	16.7	11.0
23	8	1998	32.6	23.3	100.0	53.5	0.93	19.38	0.0
24	8	1998	33.8	21.2	100.0	49.5	0.89	22.87	0.0
25	8	1998	33.5	21.7	100.0	50.5	1.13	21.01	0.0
26	8	1998	33.4	23.2	99.0	52.5	1.24	19.84	0.0
27	8	1998	33.5	23.2	100.0	48.0	1.15	19.91	0.0
28	8	1998	33.5	22.5	100.0	53.0	0.89	18.63	0.0
29	8	1998	32.5	22.2	100.0	57.5	1.11	21.47	31.0
30	8	1998	30.8	22.8	100.0	63.0	1.06	10.79	48.0
31	8	1998	32.1	21.6	100.0	55.5	1.32	19.47	0.0
1	9	1998	32.6	21.7	100.0	55.5	1.02	17.98	0.0
2	9	1998	32.6	21.6	100.0	59.0	1.25	19.9	0.0
3	9	1998	32.7	23.4	100.0	60.0	0.97	13.86	1.0
4	9	1998	32.9	23.1	100.0	45.5	1.03	25.44	0.0
5	9	1998	33.5	20.0	100.0	46.0	1.3	22.18	0.0
6	9	1998	34.4	21.4	100.0	46.5	1.05	26.59	0.0
7	9	1998	33.8	22.7	100.0	54.5	1.15	18.61	2.0
8	9	1998	33.7	23.5	100.0	50.0	1.06	23.76	0.0
9	9	1998	33.7	21.2	100.0	40.5	1.28	24.73	0.0
10	9	1998	33.3	21.3	100.0	50.0	1.1	23.11	0.0
11	9	1998	34.2	20.4	100.0	38.0	1.02	23.79	0.0
12	9	1998	34.2	21.2	100.0	41.5	1.05	24.53	0.0
13	9	1998	34.6	21.5	100.0	39.0	1.06	25.08	0.0
14	9	1998	33.6	20.9	100.0	50.0	1.24	20.73	0.0
15	9	1998	33.9	22.5	100.0	49.0	1.09	19.26	0.0
16	9	1998	34.6	21.5	100.0	46.0	0.97	21.7	0.0
17	9	1998	35.1	21.7	100.0	43.5	0.89	20.46	0.0
18	9	1998	34.5	22.9	100.0	47.0	0.88	23.02	0.0
19	9	1998	34.4	21.6	100.0	43.5	0.98	22.32	0.0
20	9	1998	34.3	20.5	100.0	49.0	1.03	19.82	0.0
21	9	1998	35.0	23.1	100.0	47.0	0.9	19.69	0.0
22	9	1998	35.4	21.4	100.0	37.5	0.87	23.43	0.0
23	9	1998	35.1	21.7	100.0	46.0	0.87	24.04	0.0
24	9	1998	34.3	22.5	100.0	52.0	1.11	17.92	0.0
25	9	1998	34.2	23.4	100.0	53.5	1.25	17.72	0.0
26	9	1998	33.0	23.5	100.0	54.5	0.86	13.42	3.0
27	9	1998	34.2	23.5	100.0	45.0	0.93	17.34	0.0
28	9	1998	32.3	23.7	100.0	61.5	1.01	12.27	7.0
29	9	1998	34.3	22.2	100.0	52.5	1.11	19.33	0.0
30	9	1998	33.1	23.3	100.0	51.0	1.16	18.67	4.0
1	10	1998	33.2	21.8	100.0	50.0	1.13	17.71	1.0
2	10	1998	32.4	22.4	100.0	57.5	1.05	19.49	1.0
3	10	1998	33.3	20.4	100.0	50.5	1.05	24.04	1.0
4	10	1998	33.9	20.6	100.0	46.5	0.97	24.72	0.0
5	10	1998	33.5	21.1	100.0	48.0	0.82	25.36	0.0
6	10	1998	32.5	21.2	100.0	53.0	0.95	15.71	0.0
7	10	1998	33.3	20.6	100.0	52.0	0.84	16.6	0.0
8	10	1998	34.2	21.2	100.0	44.5	0.78	23.12	1.0
9	10	1998	34.2	21.1	100.0	47.5	0.86	23.66	0.0
10	10	1998	34.9	21.1	100.0	45.0	0.88	24.08	0.0
11	10	1998	35.6	22.5	100.0	40.0	0.86	24.14	0.0
12	10	1998	35.3	21.0	100.0	43.5	0.93	24	0.0
13	10	1998	34.7	21.2	100.0	45.0	1.02	25.4	0.0
14	10	1998	34.4	20.9	100.0	37.5	0.86	23.82	0.0
15	10	1998	35.5	19.4	100.0	42.0	0.72	24.67	0.0
16	10	1998	35.7	19.1	100.0	26.5	0.89	26.49	0.0
17	10	1998	35.9	21.0	100.0	43.5	0.86	23.43	0.0
18	10	1998	36.0	21.8	100.0	31.0	0.79	25.74	0.0
19	10	1998	35.0	20.9	100.0	38.5	0.79	24.18	0.0
20	10	1998	34.6	21.6	100.0	45.5	1.13	19.2	6.0
21	10	1998	33.3	22.8	100.0	55.5	1.04	19.47	0.0
22	10	1998	33.9	22.6	100.0	44.5	1.04	23.8	0.0
23	10	1998	33.6	22.7	100.0	53.5	0.88	18.9	0.0
24	10	1998	33.7	23.6	100.0	57.0	0.87	21.77	3.0
25	10	1998	33.9	22.6	100.0	55.0	0.93	21.59	0.0
26	10	1998	33.8	23.1	100.0	50.5	0.94	18.71	0.0
27	10	1998	34.8	22.5	99.0	47.5	1.05	23.18	0.0
28	10	1998	33.3	23.4	100.0	57.5	0.81	15.26	1.0
29	10	1998	33.5	22.9	100.0	55.0	1.18	16.03	4.0
30	10	1998	34.7	23.3	100.0	50.0	0.65	18.24	4.0
31	10	1998	35.4	23.1	100.0	49.5	0.79	23.48	0.0
1	11	1998	34.9	23.8	100.0	50.0	0.81	23.17	0.0
2	11	1998	34.4	24.2	99.5	52.0	0.6	22.19	0.0
3	11	1998	36.2	22.9	100.0	42.5	0.68	24.84	0.0
4	11	1998	33.6	22.3	99.5	54.0	0.68	16.82	11.0
5	11	1998	32.5	23.8	100.0	63.5	0.84	13.49	70.0
6	11	1998	33.2	23.0	100.0	54.0	0.69	16.47	1.0
7	11	1998	33.3	23.0	100.0	58.5	0.86	17.67	3.0
8	11	1998	34.0	23.8	100.0	54.0	0.88	21.6	0.0
9	11	1998	32.5	23.2	100.0	57.5	1.02	19.33	0.0
10	11	1998	33.7	21.9	100.0	50.5	0.64	17.51	33.0
11	11	1998	34.0	22.6	100.0	50.5	0.67	16.7	17.0
12	11	1998	34.2	22.8	100.0	54.5	0.82	16.22	6.0
13	11	1998	33.8	22.4	100.0	56.5	0.87	17.41	1.0
14	11	1998	34.1	23.3	100.0	50.0	0.73	19.6	0.0
15	11	1998	34.7	23.2	100.0	54.5	0.86	16.29	1.0
16	11	1998	35.1	22.6	100.0	43.0	1.04	20.43	0.0
17	11	1998	35.6	22.5	100.0	47.0	0.87	21.36	0.0
18	11	1998	35.5	23.3	100.0	47.0	0.84	16.96	22.0
19	11	1998	32.0	23.7	100.0	67.0	0.74	12.67	0.0
20	11	1998	28.8	23.4	100.0	71.5	0.83	8.46	5.0
21	11	1998	31.4	23.2	100.0	65.0	0.61	13.7	2.0
22	11	1998	27.1	22.6	100.0	82.0	0.79	6.32	28.0
23	11	1998	32.9	22.5	100.0	55.5	0.83	17.3	3.0
24	11	1998	31.7	22.9	100.0	59.0	0.86	15.26	7.0
25	11	1998	33.1	22.9	100.0	54.5	0.82	22.43	3.0
26	11	1998	32.3	23.4	100.0	57.5	0.83	23.89	24.0
27	11	1998	34.9	23.0	100.0	49.0	1.13	19.26	0.0
28	11	1998	31.2	22.8	100.0	64.5	1.61	14.56	0.0
29	11	1998	34.1	22.6	100.0	51.0	0.76	18.16	6.0
30	11	1998	31.5	23.1	100.0	65.0	1.09	10.88	6.0
1	12	1998	31.6	22.9	99.5	62.5	1.11	13.32	0.0
2	12	1998	32.7	23.7	100.0	55.5	0.95	19.97	0.0
3	12	1998	30.8	23.4	100.0	61.5	0.8	12.59	2.0
4	12	1998	32.0	23.8	100.0	57.5	0.88	18.4	0.0
5	12	1998	34.2	23.4	100.0	51.5	0.65	17.8	58.0
6	12	1998	30.5	22.6	100.0	68.0	0.79	14.23	1.0
7	12	1998	30.0	22.9	100.0	73.5	0.79	7.26	13.0
8	12	1998	34.7	22.1	100.0	47.5	0.59	25.68	0.0
9	12	1998	32.5	22.6	100.0	58.0	0.75	12.87	45.0
10	12	1998	34.0	22.0	100.0	50.0	0.88	20.92	85.0
11	12	1998	30.2	23.1	100.0	70.5	0.82	11.11	3.0
12	12	1998	34.8	22.1	100.0	45.5	0.67	18.58	42.0
13	12	1998	32.8	23.0	100.0	60.5	0.91	15.53	3.0
14	12	1998	33.3	22.2	100.0	56.0	1.47	22.26	3.0
15	12	1998	33.4	22.9	100.0	55.0	2.03	15.09	6.0
16	12	1998	33.4	22.9	100.0	60.5	1.32	14.97	17.0
17	12	1998	32.6	22.8	100.0	59.0	1.28	14.99	17.0
18	12	1998	34.0	22.5	100.0	53.0	1.35	19.14	1.0
19	12	1998	30.7	22.6	100.0	66.5	1.02	10.38	51.0
20	12	1998	34.3	21.9	100.0	41.0	1.34	26.14	0.0
21	12	1998	33.5	22.4	100.0	56.0	0.9	19.89	1.0
22	12	1998	29.9	23.0	100.0	73.0	1.23	8.89	0.0
23	12	1998	31.8	22.9	100.0	64.5	1.18	11.8	50.0
24	12	1998	34.4	22.0	100.0	43.5	1.41	22.96	58.0
25	12	1998	33.5	23.1	100.0	53.5	1.47	21.38	14.0
26	12	1998	33.0	22.8	100.0	57.0	0.79	16.23	4.0
27	12	1998	33.8	22.5	100.0	51.5	0.67	18.1	9.0
28	12	1998	29.8	22.9	100.0	73.0	0.95	9.72	3.0
29	12	1998	31.3	22.5	100.0	64.0	0.94	17.46	0.0
30	12	1998	29.9	22.8	100.0	68.0	0.66	11.93	0.0
31	12	1998	33.3	22.6	100.0	51.0	0.78	22.68	1.0
1	1	1999	33.3	23.3	100.0	56.0	0.76	17.51	17.0